0.0651042	0	0.00260417	0.00260417	0	0	0	0	0	0	0	0	0	0	0	0	0	0.00260417	0	0	0	0	0	0	0	0	0.179688	0.0182292	0.0104167	0.0390625	0	0.00260417	0	0.00260417	0	0	0	0	0	0.00260417	0	0	0	0	0	0.0078125	0.00260417	0	0	0	0	0	0	0	0.0078125	0	0	0	0	0	0	0	0	0	0	0	0	0	0	0	0.0130208	0	0.00260417	0.00260417	0.00260417	0	0	0	0	0	0	0	0	0	0.0104167	0.00260417	0	0	0.00260417	0	0	0	0.00520833	0	0	0	0	0	0	0	0	0	0	0	0	0	0	0	0	0	0	0	0	0	0	0	0	0	0.0338542	0.00260417	0	0	0	0.00260417	0	0	0	0	0	0	0	0	0	0	0	0	0.291667	0.0104167	0.0208333	0.0390625	0	0	0	0	0	0	0.00260417	0	0	0	0.190104	0.00260417	0.00260417	0.0130208	0	0	0	0	0	0	0	0	0
0.00974421	0.116931	0	0.00121803	0	0	0.00365408	0	0	0	0	0	0	0	0	0	0	0	0.00730816	0	0.00243605	0	0	0	0	0	0.00365408	0.155907	0	0.0207065	0	0.00974421	0	0.0146163	0	0	0.00121803	0	0	0.00365408	0	0	0	0	0	0	0.0170524	0.00121803	0.00121803	0	0	0	0	0	0	0	0.0158343	0	0.00121803	0	0.00121803	0	0	0	0	0	0	0	0	0	0.00243605	0	0.0109622	0.00487211	0.0121803	0.00730816	0	0.00609013	0	0	0	0	0	0	0.00243605	0.00487211	0	0.00243605	0	0.00121803	0	0.00121803	0.00243605	0	0.00365408	0.00243605	0.00121803	0	0	0	0	0	0	0	0	0	0	0	0	0	0	0.00365408	0	0	0	0	0	0	0.00243605	0.0633374	0	0.00852619	0	0.00243605	0	0.00243605	0	0	0	0	0.00121803	0	0	0	0	0	0.00365408	0.218027	0	0.0170524	0	0.0158343	0.0170524	0	0	0	0.00365408	0	0	0	0.00243605	0.159562	0.00121803	0.0182704	0	0.00365408	0	0.00121803	0	0	0	0	0
0.0517241	0.0172414	0.0344828	0	0	0	0	0	0	0	0	0	0	0	0	0	0	0	0	0	0	0	0	0	0	0	0.155172	0	0.0862069	0	0	0	0	0	0.0172414	0	0.0172414	0	0	0	0	0	0	0	0	0	0	0.0172414	0	0	0	0	0	0	0.0172414	0	0	0	0	0	0	0	0	0	0	0	0	0	0	0	0	0	0	0.0172414	0	0	0	0	0	0	0	0	0	0	0	0	0	0	0	0	0	0	0.0172414	0	0	0	0	0	0	0	0	0	0	0	0	0	0	0.0172414	0	0	0	0	0	0	0	0	0	0	0.0689655	0	0.0172414	0	0	0	0	0	0	0	0	0	0	0	0	0	0	0	0.155172	0	0.155172	0	0	0.0172414	0	0	0	0.0172414	0	0	0	0	0.0862069	0	0	0	0	0	0	0	0.0172414	0	0	0	0
0.080786	0.0524017	0.00218341	0.0873362	0	0.00655022	0.00436681	0	0.00218341	0	0	0	0	0	0	0.00218341	0	0	0	0	0.0502183	0	0.00436681	0	0	0	0	0.0218341	0	0.104803	0.00218341	0	0	0.010917	0	0	0.00218341	0	0	0.00655022	0	0	0	0	0.00218341	0	0	0	0	0	0	0	0	0	0	0	0.00218341	0	0.0371179	0.00218341	0	0.00218341	0	0	0	0.00218341	0	0	0	0	0.00218341	0	0.00873362	0.00655022	0.0655022	0	0	0.0283843	0	0.00218341	0	0	0	0	0	0	0	0.0174672	0	0	0	0	0.00436681	0	0	0.00218341	0.0174672	0.00218341	0	0.00218341	0	0	0	0	0	0	0	0	0	0	0	0	0	0	0	0	0	0	0	0.00436681	0	0.0305677	0	0	0	0.00873362	0.00218341	0	0.00218341	0.00218341	0	0	0	0	0	0	0.00218341	0.0349345	0	0.0786026	0	0.00436681	0.00655022	0	0	0.00218341	0.0131004	0	0	0	0.010917	0.0305677	0	0.100437	0	0	0	0.010917	0	0	0.00655022	0	0
1	0	0	0	0	0	0	0	0	0	0	0	0	0	0	0	0	0	0	0	0	0	0	0	0	0	0	0	0	0	0	0	0	0	0	0	0	0	0	0	0	0	0	0	0	0	0	0	0	0	0	0	0	0	0	0	0	0	0	0	0	0	0	0	0	0	0	0	0	0	0	0	0	0	0	0	0	0	0	0	0	0	0	0	0	0	0	0	0	0	0	0	0	0	0	0	0	0	0	0	0	0	0	0	0	0	0	0	0	0	0	0	0	0	0	0	0	0	0	0	0	0	0	0	0	0	0	0	0	0	0	0	0	0	0	0	0	0	0	0	0	0	0	0	0	0	0	0	0	0	0	0	0	0	0	0	0	0	0	0	0	0	0
0.0322581	0.112903	0	0	0	0.0483871	0	0	0	0	0	0	0	0	0	0	0	0	0.016129	0	0	0	0	0	0	0	0.016129	0.112903	0	0	0	0	0	0	0	0	0	0	0	0	0	0	0	0	0	0	0.016129	0	0	0	0	0	0	0	0	0	0.0322581	0	0	0	0	0	0	0	0	0	0	0	0	0	0	0	0.016129	0	0	0.0322581	0	0	0	0	0	0	0	0	0	0	0	0	0	0	0	0	0	0	0.016129	0	0	0	0	0	0	0	0.016129	0	0	0	0	0	0	0	0	0.016129	0	0	0	0	0	0	0	0.112903	0	0	0	0	0	0	0	0	0	0	0	0	0	0	0	0	0.0483871	0.209677	0	0	0	0	0	0	0	0	0	0	0	0	0.016129	0.129032	0	0	0	0	0	0	0	0	0	0	0
0	0.163265	0	0.214286	0	0.0306122	0.0408163	0	0.0306122	0	0	0.0102041	0	0	0	0	0	0	0	0	0.0408163	0	0.0510204	0	0	0	0	0	0	0.0102041	0	0	0	0.0204082	0	0	0	0.0102041	0	0	0	0	0	0	0.0102041	0	0	0	0.0102041	0	0	0	0	0	0	0	0	0	0.0204082	0	0	0	0	0	0	0	0	0	0	0	0	0	0.0204082	0	0.0102041	0.0102041	0	0.0204082	0	0.0102041	0	0	0	0	0	0	0	0	0	0	0	0	0	0	0	0	0	0	0	0.0102041	0	0	0	0	0	0	0	0	0	0	0	0	0	0	0	0	0	0	0	0	0	0	0	0	0	0.0204082	0	0	0	0	0	0	0	0	0	0	0	0	0	0.0612245	0	0	0.0102041	0	0	0	0	0	0	0	0	0.0612245	0	0.0408163	0	0.0510204	0	0.0102041	0	0	0	0	0
0	0	0	0	0	0	0	0	0	0	0	0	0	0	0	0	0	0	0	0.333333	0	0	0	0	0	0	0	0	0.333333	0	0	0	0	0	0	0	0	0	0	0	0	0	0	0	0	0	0	0	0	0	0	0	0	0	0	0	0	0	0	0	0	0	0	0	0	0	0	0	0	0	0	0	0	0	0	0	0	0	0	0	0	0	0	0	0	0	0	0	0	0	0	0	0	0	0	0	0	0	0	0	0	0	0	0	0	0	0	0	0	0	0	0	0	0	0	0	0	0	0	0	0	0	0	0	0	0	0	0	0	0	0	0	0	0	0	0	0	0	0.333333	0	0	0	0	0	0	0	0	0	0	0	0	0	0	0	0	0	0	0	0	0	0	0	0
0.125	0.0833333	0.0833333	0.0833333	0	0	0.0416667	0	0	0	0	0	0	0	0	0	0	0	0	0	0	0	0	0	0	0	0	0.0833333	0	0.0416667	0	0	0	0	0	0	0	0	0	0	0	0.0416667	0	0	0	0	0	0	0	0	0	0	0	0	0	0	0	0	0	0	0	0	0	0	0	0	0	0	0	0	0	0	0	0	0	0	0	0	0	0	0	0	0	0	0	0	0	0	0	0	0	0	0	0	0	0	0	0	0	0	0	0	0	0	0	0	0	0	0	0	0	0	0	0	0	0	0	0	0	0	0	0.0416667	0	0	0	0	0	0	0.0416667	0	0	0	0	0	0	0	0	0.0416667	0	0.25	0	0	0	0	0	0	0	0	0	0	0	0	0	0.0416667	0	0	0	0	0	0	0	0	0
1	0	0	0	0	0	0	0	0	0	0	0	0	0	0	0	0	0	0	0	0	0	0	0	0	0	0	0	0	0	0	0	0	0	0	0	0	0	0	0	0	0	0	0	0	0	0	0	0	0	0	0	0	0	0	0	0	0	0	0	0	0	0	0	0	0	0	0	0	0	0	0	0	0	0	0	0	0	0	0	0	0	0	0	0	0	0	0	0	0	0	0	0	0	0	0	0	0	0	0	0	0	0	0	0	0	0	0	0	0	0	0	0	0	0	0	0	0	0	0	0	0	0	0	0	0	0	0	0	0	0	0	0	0	0	0	0	0	0	0	0	0	0	0	0	0	0	0	0	0	0	0	0	0	0	0	0	0	0	0	0	0	0
0	1	0	0	0	0	0	0	0	0	0	0	0	0	0	0	0	0	0	0	0	0	0	0	0	0	0	0	0	0	0	0	0	0	0	0	0	0	0	0	0	0	0	0	0	0	0	0	0	0	0	0	0	0	0	0	0	0	0	0	0	0	0	0	0	0	0	0	0	0	0	0	0	0	0	0	0	0	0	0	0	0	0	0	0	0	0	0	0	0	0	0	0	0	0	0	0	0	0	0	0	0	0	0	0	0	0	0	0	0	0	0	0	0	0	0	0	0	0	0	0	0	0	0	0	0	0	0	0	0	0	0	0	0	0	0	0	0	0	0	0	0	0	0	0	0	0	0	0	0	0	0	0	0	0	0	0	0	0	0	0	0	0
0	0.133333	0	0.1	0	0.1	0.0333333	0	0.0333333	0	0	0.0333333	0	0	0	0	0	0	0	0	0	0	0	0	0	0	0	0	0	0	0	0	0	0	0	0	0.0333333	0	0	0.266667	0	0	0	0	0	0	0	0	0	0	0	0	0	0	0	0	0	0	0	0	0	0	0	0	0	0	0	0	0	0	0	0	0	0	0	0	0	0.0666667	0	0.0333333	0	0.0333333	0	0	0	0	0	0	0	0	0	0	0	0	0	0	0	0	0	0	0	0	0	0	0	0	0	0	0	0	0	0	0	0	0	0	0	0	0	0	0	0	0	0	0	0	0	0	0	0	0.0666667	0	0	0	0	0	0	0	0	0	0	0	0	0	0	0	0.0666667	0	0	0	0	0	0	0	0	0	0	0	0	0	0	0	0
0	0	0	1	0	0	0	0	0	0	0	0	0	0	0	0	0	0	0	0	0	0	0	0	0	0	0	0	0	0	0	0	0	0	0	0	0	0	0	0	0	0	0	0	0	0	0	0	0	0	0	0	0	0	0	0	0	0	0	0	0	0	0	0	0	0	0	0	0	0	0	0	0	0	0	0	0	0	0	0	0	0	0	0	0	0	0	0	0	0	0	0	0	0	0	0	0	0	0	0	0	0	0	0	0	0	0	0	0	0	0	0	0	0	0	0	0	0	0	0	0	0	0	0	0	0	0	0	0	0	0	0	0	0	0	0	0	0	0	0	0	0	0	0	0	0	0	0	0	0	0	0	0	0	0	0	0	0	0	0	0	0	0
0	1	0	0	0	0	0	0	0	0	0	0	0	0	0	0	0	0	0	0	0	0	0	0	0	0	0	0	0	0	0	0	0	0	0	0	0	0	0	0	0	0	0	0	0	0	0	0	0	0	0	0	0	0	0	0	0	0	0	0	0	0	0	0	0	0	0	0	0	0	0	0	0	0	0	0	0	0	0	0	0	0	0	0	0	0	0	0	0	0	0	0	0	0	0	0	0	0	0	0	0	0	0	0	0	0	0	0	0	0	0	0	0	0	0	0	0	0	0	0	0	0	0	0	0	0	0	0	0	0	0	0	0	0	0	0	0	0	0	0	0	0	0	0	0	0	0	0	0	0	0	0	0	0	0	0	0	0	0	0	0	0	0
0	0	0	1	0	0	0	0	0	0	0	0	0	0	0	0	0	0	0	0	0	0	0	0	0	0	0	0	0	0	0	0	0	0	0	0	0	0	0	0	0	0	0	0	0	0	0	0	0	0	0	0	0	0	0	0	0	0	0	0	0	0	0	0	0	0	0	0	0	0	0	0	0	0	0	0	0	0	0	0	0	0	0	0	0	0	0	0	0	0	0	0	0	0	0	0	0	0	0	0	0	0	0	0	0	0	0	0	0	0	0	0	0	0	0	0	0	0	0	0	0	0	0	0	0	0	0	0	0	0	0	0	0	0	0	0	0	0	0	0	0	0	0	0	0	0	0	0	0	0	0	0	0	0	0	0	0	0	0	0	0	0	0
0	1	0	0	0	0	0	0	0	0	0	0	0	0	0	0	0	0	0	0	0	0	0	0	0	0	0	0	0	0	0	0	0	0	0	0	0	0	0	0	0	0	0	0	0	0	0	0	0	0	0	0	0	0	0	0	0	0	0	0	0	0	0	0	0	0	0	0	0	0	0	0	0	0	0	0	0	0	0	0	0	0	0	0	0	0	0	0	0	0	0	0	0	0	0	0	0	0	0	0	0	0	0	0	0	0	0	0	0	0	0	0	0	0	0	0	0	0	0	0	0	0	0	0	0	0	0	0	0	0	0	0	0	0	0	0	0	0	0	0	0	0	0	0	0	0	0	0	0	0	0	0	0	0	0	0	0	0	0	0	0	0	0
0	0	0	1	0	0	0	0	0	0	0	0	0	0	0	0	0	0	0	0	0	0	0	0	0	0	0	0	0	0	0	0	0	0	0	0	0	0	0	0	0	0	0	0	0	0	0	0	0	0	0	0	0	0	0	0	0	0	0	0	0	0	0	0	0	0	0	0	0	0	0	0	0	0	0	0	0	0	0	0	0	0	0	0	0	0	0	0	0	0	0	0	0	0	0	0	0	0	0	0	0	0	0	0	0	0	0	0	0	0	0	0	0	0	0	0	0	0	0	0	0	0	0	0	0	0	0	0	0	0	0	0	0	0	0	0	0	0	0	0	0	0	0	0	0	0	0	0	0	0	0	0	0	0	0	0	0	0	0	0	0	0	0
0.0224719	0.00561798	0	0.00561798	0	0	0	0	0	0	0	0	0	0	0	0	0	0.011236	0	0.00561798	0	0	0	0	0	0	0.303371	0.129213	0.0617978	0.146067	0	0.00561798	0	0.0224719	0	0	0.0168539	0	0	0	0	0	0	0	0	0.0168539	0	0	0	0	0	0	0	0	0.0393258	0	0.00561798	0	0	0	0	0	0	0	0	0	0	0	0	0	0	0	0	0.00561798	0	0	0	0	0	0	0	0	0	0	0.00561798	0	0	0	0	0	0	0	0	0	0	0	0	0	0	0	0	0	0	0	0	0	0	0	0	0	0	0	0	0	0	0	0	0	0.0561798	0.00561798	0	0	0	0	0	0	0	0	0	0	0	0	0	0	0	0	0.011236	0	0	0	0	0	0	0	0	0	0	0	0	0	0.117978	0	0	0	0	0	0	0	0	0	0	0	0
0	0.016129	0.00322581	0.00322581	0	0	0	0	0	0	0	0	0	0	0	0	0	0.00322581	0.0516129	0.00322581	0.00645161	0	0	0	0	0	0.0322581	0.380645	0.00322581	0.1	0	0.0354839	0	0.0935484	0	0	0.00645161	0	0	0.016129	0	0	0	0	0	0	0.0129032	0	0	0	0	0	0	0	0	0	0.083871	0	0.00322581	0	0	0	0	0	0	0	0	0	0	0	0	0	0.00967742	0	0.00322581	0.00322581	0	0	0	0	0	0	0	0	0	0	0	0	0	0	0	0	0	0	0.00645161	0	0	0.00322581	0	0	0	0	0	0	0	0	0	0	0	0	0	0	0	0	0	0	0	0	0	0.0322581	0.00322581	0	0	0	0	0	0	0	0	0	0.00322581	0	0	0	0	0	0	0.0129032	0	0	0	0	0	0	0	0	0	0	0	0	0	0.0645161	0	0.00322581	0	0	0	0	0	0	0	0	0
0	0	0	0	0	0	0	0	0	0	0	0	0	0	0	0	0	0	0	0	0	0	0	0	0	0	0.166667	0	0.166667	0	0	0.0833333	0	0.0833333	0.0833333	0	0.166667	0	0	0	0	0	0	0	0	0	0	0	0	0	0	0	0	0	0.0833333	0	0	0.0833333	0	0	0	0	0	0	0	0	0	0	0	0	0	0	0	0	0	0	0	0	0	0	0	0	0	0	0	0	0	0	0	0	0	0	0	0	0	0	0	0	0	0	0	0	0	0	0	0	0	0	0	0	0	0	0	0	0	0	0	0	0.0833333	0	0	0	0	0	0	0	0	0	0	0	0	0	0	0	0	0	0	0	0	0	0	0	0	0	0	0	0	0	0	0	0	0	0	0	0	0	0	0	0	0	0	0	0
0	0	0	0.0967742	0	0.00460829	0.00460829	0	0	0	0	0	0	0	0	0	0	0.0414747	0.0184332	0	0.115207	0	0	0	0	0	0.0138249	0.115207	0.0506912	0.308756	0	0.00921659	0	0.078341	0	0	0.0138249	0	0	0	0	0	0	0	0	0	0	0	0	0	0	0	0	0	0	0	0	0	0.0184332	0	0	0	0	0	0	0	0	0	0	0	0	0	0	0	0.0230415	0	0	0.00460829	0	0	0	0	0	0	0	0	0	0	0	0	0	0	0	0	0.00460829	0	0	0	0	0	0	0	0	0	0	0	0	0	0	0	0	0	0	0	0.00460829	0	0	0	0.00460829	0.00460829	0	0.0322581	0	0.00460829	0	0.00921659	0	0	0	0	0	0	0	0	0	0	0.00460829	0	0	0.00921659	0	0	0.00460829	0	0	0	0	0	0	0	0	0	0	0	0	0	0	0	0	0	0	0	0
0	0	0	0	0	0	0	0	0	0	0	0	0	0	0	0	0	0	0.285714	0	0	0	0	0	0	0	0	0.285714	0	0	0	0	0	0	0	0	0	0	0	0	0	0	0	0	0	0	0	0	0	0	0	0	0	0	0	0	0	0	0	0	0	0	0	0	0	0	0	0	0	0	0	0	0	0	0	0	0	0	0	0	0	0	0	0	0	0	0	0	0	0	0	0	0	0	0	0	0	0	0	0	0	0	0	0	0	0	0	0	0	0	0	0	0	0	0	0	0	0	0	0.428571	0	0	0	0	0	0	0	0	0	0	0	0	0	0	0	0	0	0	0	0	0	0	0	0	0	0	0	0	0	0	0	0	0	0	0	0	0	0	0	0	0	0	0
0	0	0	0	0	0.0181818	0	0	0	0	0	0	0	0	0	0	0	0	0.0727273	0	0.0727273	0	0.0181818	0	0	0	0	0.0545455	0	0.2	0	0.163636	0	0.163636	0	0	0.0545455	0	0	0.0545455	0	0	0	0	0	0	0	0	0	0	0	0	0	0	0	0	0.0181818	0	0	0	0	0	0	0	0	0	0	0	0	0	0	0	0	0	0	0	0	0	0	0	0	0	0	0	0	0	0	0	0	0	0	0	0	0	0	0	0	0	0	0	0	0	0	0	0	0	0	0	0	0	0	0	0	0	0	0	0	0	0	0.0181818	0	0.0363636	0	0	0	0.0363636	0	0	0	0	0	0	0	0	0	0	0	0	0	0	0	0	0	0	0	0	0	0	0	0	0	0	0	0	0	0.0181818	0	0	0	0	0	0	0
0	0	0	0	0	0	0	0	0	0	0	0	0	0	0	0	0	0	1	0	0	0	0	0	0	0	0	0	0	0	0	0	0	0	0	0	0	0	0	0	0	0	0	0	0	0	0	0	0	0	0	0	0	0	0	0	0	0	0	0	0	0	0	0	0	0	0	0	0	0	0	0	0	0	0	0	0	0	0	0	0	0	0	0	0	0	0	0	0	0	0	0	0	0	0	0	0	0	0	0	0	0	0	0	0	0	0	0	0	0	0	0	0	0	0	0	0	0	0	0	0	0	0	0	0	0	0	0	0	0	0	0	0	0	0	0	0	0	0	0	0	0	0	0	0	0	0	0	0	0	0	0	0	0	0	0	0	0	0	0	0	0	0
0	0	0	0	0	0	0	0	0	0	0	0	0	0	0	0	0	0	0	0	0	0	0	0	0	0	0	0	0	0	0	0	0	0	0.5	0	0	0	0	0	0	0	0	0	0	0	0	0	0	0	0	0	0	0	0	0	0.5	0	0	0	0	0	0	0	0	0	0	0	0	0	0	0	0	0	0	0	0	0	0	0	0	0	0	0	0	0	0	0	0	0	0	0	0	0	0	0	0	0	0	0	0	0	0	0	0	0	0	0	0	0	0	0	0	0	0	0	0	0	0	0	0	0	0	0	0	0	0	0	0	0	0	0	0	0	0	0	0	0	0	0	0	0	0	0	0	0	0	0	0	0	0	0	0	0	0	0	0	0	0	0	0	0	0
0	0	0	0	0	0	0	0	0	0	0	0	0	0	0	0	0	0	0	0	0	0	0	0	0	0	0	0	0	0	0	0	0	0.444444	0	0	0.444444	0	0	0.111111	0	0	0	0	0	0	0	0	0	0	0	0	0	0	0	0	0	0	0	0	0	0	0	0	0	0	0	0	0	0	0	0	0	0	0	0	0	0	0	0	0	0	0	0	0	0	0	0	0	0	0	0	0	0	0	0	0	0	0	0	0	0	0	0	0	0	0	0	0	0	0	0	0	0	0	0	0	0	0	0	0	0	0	0	0	0	0	0	0	0	0	0	0	0	0	0	0	0	0	0	0	0	0	0	0	0	0	0	0	0	0	0	0	0	0	0	0	0	0	0	0	0	0
0.214022	0.0166052	0.00922509	0.0221402	0	0.00184502	0	0	0.00184502	0	0	0.00369004	0	0	0	0	0	0.140221	0.00922509	0.00184502	0.0166052	0	0.00184502	0	0	0	0.0535055	0.00922509	0	0.00184502	0	0.00184502	0	0	0	0	0	0	0	0	0	0	0	0	0	0.0387454	0.00553506	0.00369004	0.00738007	0	0	0	0	0	0.197417	0	0.0332103	0.0110701	0.0239852	0	0	0	0	0.00184502	0	0	0	0	0	0	0.0258303	0	0	0	0.00369004	0	0	0	0	0	0	0	0	0	0.00184502	0	0	0	0	0	0	0	0.0221402	0	0.00922509	0.0147601	0.00553506	0.00184502	0	0.00184502	0	0	0	0	0	0	0	0	0	0	0.00553506	0	0.00184502	0	0	0	0	0	0.0295203	0	0.00369004	0.00369004	0	0	0	0.00184502	0	0	0	0	0	0	0	0	0	0	0.00922509	0.00184502	0	0	0	0	0	0	0	0	0	0	0	0	0.0258303	0.00184502	0	0	0	0	0	0	0	0	0	0	0
0.00801282	0.185096	0	0.0192308	0	0.0088141	0.00801282	0	0.000801282	0	0	0.00160256	0	0	0	0	0	0	0.0921474	0.000801282	0.0136218	0.00160256	0.00721154	0	0.000801282	0	0.0128205	0.10016	0.00400641	0.00400641	0	0.00320513	0	0.00801282	0	0	0.000801282	0	0	0.00160256	0	0	0	0	0	0	0.0384615	0	0.00400641	0.00160256	0.00480769	0	0.000801282	0.000801282	0.00560897	0	0.172276	0	0.0344551	0.00480769	0	0.0136218	0	0.00240385	0	0	0.00240385	0	0	0	0.00240385	0	0.0416667	0.000801282	0.00400641	0	0	0	0	0	0	0	0	0	0	0.00560897	0	0.000801282	0	0	0	0	0.00320513	0	0.0272436	0.00320513	0.0128205	0.00801282	0	0.00480769	0	0	0	0	0	0	0	0	0	0	0	0.00641026	0.00240385	0	0	0	0	0	0.000801282	0.0240385	0.00240385	0.00560897	0	0.000801282	0	0.00320513	0	0	0.000801282	0	0	0	0	0	0	0	0.000801282	0.0160256	0.000801282	0.00801282	0	0.00160256	0.000801282	0	0	0	0	0	0	0	0.000801282	0.0392628	0.000801282	0.00160256	0	0	0	0	0	0	0	0	0
0.119266	0	0.12844	0.00917431	0	0	0	0	0	0	0	0	0	0	0	0	0	0.0458716	0	0.0366972	0	0	0	0	0	0	0.0550459	0	0.0366972	0	0	0	0	0	0	0	0	0	0	0	0	0	0	0	0	0.0458716	0	0.0275229	0	0	0	0	0.00917431	0	0.284404	0	0	0.0733945	0	0	0	0	0	0	0	0	0	0	0	0	0.0275229	0	0	0.00917431	0	0	0	0	0	0	0	0	0	0	0	0	0	0	0	0	0	0	0.0183486	0	0	0.00917431	0	0	0	0	0.00917431	0	0.00917431	0	0	0	0	0	0	0	0	0	0	0.00917431	0	0	0	0	0	0	0	0	0	0	0	0	0	0	0.00917431	0	0	0	0	0	0	0	0	0	0	0	0	0	0	0	0	0	0	0	0	0	0.0275229	0	0	0	0	0	0	0	0	0	0	0	0
0.0125	0.0166667	0.00277778	0.0888889	0	0	0.0111111	0	0.00277778	0	0	0.00416667	0	0	0	0	0	0.00555556	0.025	0	0.0708333	0	0.00694444	0.00138889	0	0	0.0819444	0.0583333	0.00138889	0.075	0	0.00277778	0	0.00694444	0	0	0.00277778	0	0	0.00138889	0	0	0	0	0.00138889	0.00138889	0.00416667	0	0.0319444	0	0.0138889	0	0	0.00138889	0	0	0.0277778	0	0.0861111	0.00138889	0	0.00833333	0.00138889	0.00138889	0	0	0.00555556	0	0	0.00138889	0	0	0.00694444	0	0.0166667	0	0	0	0	0	0	0	0	0	0	0.00138889	0	0.00694444	0	0.00138889	0	0	0.00416667	0	0.0125	0.00138889	0.0527778	0.00138889	0	0.0388889	0	0	0	0	0	0.00277778	0	0	0	0	0	0	0.00833333	0	0	0.00138889	0	0.00138889	0.0152778	0.00972222	0.0152778	0.0680556	0.00138889	0.00972222	0	0.00972222	0	0.00138889	0.00277778	0	0.00277778	0	0	0	0.00138889	0	0	0.00138889	0	0.00972222	0.00138889	0	0.00277778	0	0	0	0.00277778	0	0	0	0	0	0	0.0138889	0	0	0	0.00416667	0	0	0	0.00138889	0
0	0	0	0	0	0	0	0	0	0	0	0	0	0	0	0	0	0	0	0	0	0	0	0	0	0	1	0	0	0	0	0	0	0	0	0	0	0	0	0	0	0	0	0	0	0	0	0	0	0	0	0	0	0	0	0	0	0	0	0	0	0	0	0	0	0	0	0	0	0	0	0	0	0	0	0	0	0	0	0	0	0	0	0	0	0	0	0	0	0	0	0	0	0	0	0	0	0	0	0	0	0	0	0	0	0	0	0	0	0	0	0	0	0	0	0	0	0	0	0	0	0	0	0	0	0	0	0	0	0	0	0	0	0	0	0	0	0	0	0	0	0	0	0	0	0	0	0	0	0	0	0	0	0	0	0	0	0	0	0	0	0	0
0.00775194	0.209302	0	0	0	0	0	0	0	0	0	0	0	0	0	0	0	0.0465116	0.0852713	0	0	0	0	0	0	0	0.00775194	0.0620155	0	0.00775194	0	0	0	0.0155039	0	0	0.00775194	0	0	0	0.00775194	0	0	0	0	0	0.0155039	0	0	0	0	0	0	0	0.00775194	0	0.27907	0	0	0.00775194	0	0	0	0	0	0	0	0	0	0	0	0	0.0387597	0	0	0	0	0	0	0	0	0	0	0	0	0.0155039	0	0	0	0	0	0	0	0	0.00775194	0	0	0.00775194	0	0	0	0	0.0155039	0	0	0	0	0	0	0.00775194	0	0	0	0	0	0	0	0	0.00775194	0.0465116	0.00775194	0	0	0	0	0	0	0	0	0	0	0	0	0	0	0	0	0.0155039	0	0	0	0.00775194	0	0	0	0	0	0	0	0	0	0.0542636	0	0	0	0	0	0	0	0	0	0	0
0	0	0	0	0	0	0	0	0	0	0	0	0	0	0	0	0	0	0	0	0	0	0	0	0	0	1	0	0	0	0	0	0	0	0	0	0	0	0	0	0	0	0	0	0	0	0	0	0	0	0	0	0	0	0	0	0	0	0	0	0	0	0	0	0	0	0	0	0	0	0	0	0	0	0	0	0	0	0	0	0	0	0	0	0	0	0	0	0	0	0	0	0	0	0	0	0	0	0	0	0	0	0	0	0	0	0	0	0	0	0	0	0	0	0	0	0	0	0	0	0	0	0	0	0	0	0	0	0	0	0	0	0	0	0	0	0	0	0	0	0	0	0	0	0	0	0	0	0	0	0	0	0	0	0	0	0	0	0	0	0	0	0
0	0.0257353	0	0.0551471	0	0	0.0147059	0	0	0	0	0.00367647	0	0	0	0	0	0	0.00367647	0	0.0257353	0	0.0551471	0	0	0	0.0110294	0.139706	0	0.136029	0.00367647	0.0588235	0	0.0845588	0	0.00367647	0.0183824	0	0	0.0147059	0	0.00367647	0	0	0	0	0.00367647	0	0.0183824	0.00367647	0.0147059	0	0	0	0	0	0	0	0.0294118	0.00367647	0	0.0220588	0	0	0	0	0	0	0	0	0	0	0	0	0	0	0	0.0257353	0	0	0	0	0	0.00735294	0	0	0	0	0	0	0	0	0	0.00367647	0.00367647	0	0.0147059	0.00735294	0	0.0330882	0	0	0.0110294	0	0	0	0	0	0	0	0	0	0	0	0	0	0	0	0	0	0	0.0183824	0	0.0220588	0	0.0257353	0	0	0.0404412	0	0.0110294	0	0	0	0	0.00367647	0	0.00367647	0	0.00367647	0	0	0.00367647	0	0	0.00735294	0	0	0	0	0	0	0	0	0	0	0	0	0	0	0	0	0
0	0	0	0	0	0	0	0	0	0	0	0	0	0	0	0	0	0	0	0	0	0	0	0	0	0	0	0	0	0	0	0	0	0	0	0	0	0	0	0	0	0	0	0	0	0	0	0.333333	0	0	0	0	0	0	0	0	0	0.666667	0	0	0	0	0	0	0	0	0	0	0	0	0	0	0	0	0	0	0	0	0	0	0	0	0	0	0	0	0	0	0	0	0	0	0	0	0	0	0	0	0	0	0	0	0	0	0	0	0	0	0	0	0	0	0	0	0	0	0	0	0	0	0	0	0	0	0	0	0	0	0	0	0	0	0	0	0	0	0	0	0	0	0	0	0	0	0	0	0	0	0	0	0	0	0	0	0	0	0	0	0	0	0	0	0
0	0	0	0	0	0	0	0	0	0	0	0	0	0	0	0	0	0	0	0	0	0	0	0	0	0	0	1	0	0	0	0	0	0	0	0	0	0	0	0	0	0	0	0	0	0	0	0	0	0	0	0	0	0	0	0	0	0	0	0	0	0	0	0	0	0	0	0	0	0	0	0	0	0	0	0	0	0	0	0	0	0	0	0	0	0	0	0	0	0	0	0	0	0	0	0	0	0	0	0	0	0	0	0	0	0	0	0	0	0	0	0	0	0	0	0	0	0	0	0	0	0	0	0	0	0	0	0	0	0	0	0	0	0	0	0	0	0	0	0	0	0	0	0	0	0	0	0	0	0	0	0	0	0	0	0	0	0	0	0	0	0	0
0	0.0294118	0.0147059	0.161765	0	0	0	0	0.0147059	0	0	0	0	0	0	0	0	0	0.0147059	0	0.0147059	0	0	0	0.0147059	0	0.0441176	0.0882353	0.0441176	0.132353	0	0.0147059	0	0.0294118	0	0	0.0147059	0	0	0.0147059	0	0	0	0	0	0	0.0147059	0	0.0147059	0	0	0	0	0	0	0	0.0588235	0.0147059	0.161765	0	0	0	0	0	0	0	0	0	0	0	0	0	0	0	0	0	0	0	0	0	0	0	0	0	0	0	0	0	0	0	0	0	0	0	0	0.0147059	0	0.0147059	0	0	0	0	0	0	0	0	0	0	0	0	0	0	0	0	0	0	0	0	0	0	0	0.0294118	0	0	0	0	0.0147059	0	0.0147059	0	0	0	0	0	0	0	0	0	0	0	0	0	0	0	0	0	0	0	0	0	0	0	0	0	0	0	0	0	0	0	0	0	0
0	0	0	0	0	0	0	0	0	0	0	0	0	0	0	0	0	0	0	0	0	0	0	0	0	0	1	0	0	0	0	0	0	0	0	0	0	0	0	0	0	0	0	0	0	0	0	0	0	0	0	0	0	0	0	0	0	0	0	0	0	0	0	0	0	0	0	0	0	0	0	0	0	0	0	0	0	0	0	0	0	0	0	0	0	0	0	0	0	0	0	0	0	0	0	0	0	0	0	0	0	0	0	0	0	0	0	0	0	0	0	0	0	0	0	0	0	0	0	0	0	0	0	0	0	0	0	0	0	0	0	0	0	0	0	0	0	0	0	0	0	0	0	0	0	0	0	0	0	0	0	0	0	0	0	0	0	0	0	0	0	0	0
0	0	0	0	0	0	0	0	0	0	0	0	0	0	0	0	0	0	0	0	0	0	0	0	0	0	0	1	0	0	0	0	0	0	0	0	0	0	0	0	0	0	0	0	0	0	0	0	0	0	0	0	0	0	0	0	0	0	0	0	0	0	0	0	0	0	0	0	0	0	0	0	0	0	0	0	0	0	0	0	0	0	0	0	0	0	0	0	0	0	0	0	0	0	0	0	0	0	0	0	0	0	0	0	0	0	0	0	0	0	0	0	0	0	0	0	0	0	0	0	0	0	0	0	0	0	0	0	0	0	0	0	0	0	0	0	0	0	0	0	0	0	0	0	0	0	0	0	0	0	0	0	0	0	0	0	0	0	0	0	0	0	0
0	0	0	0.0235294	0	0	0	0	0.0117647	0	0	0.0235294	0	0	0	0	0	0	0	0	0.0117647	0	0	0	0	0.0941176	0.0117647	0.0823529	0	0.117647	0	0.0588235	0	0.105882	0	0	0.0235294	0	0	0.129412	0	0	0	0	0	0	0	0	0	0	0	0	0	0.0352941	0	0	0	0	0	0	0	0	0	0	0	0	0.0470588	0	0	0	0	0	0	0	0	0	0	0	0	0	0	0	0	0	0	0	0	0	0	0	0	0	0	0	0	0	0.0235294	0	0	0.0117647	0	0	0.0352941	0	0.0117647	0	0	0	0	0	0	0	0	0	0	0	0	0	0	0	0	0	0	0	0	0.0235294	0	0	0.0352941	0	0.0588235	0	0	0	0	0	0	0	0	0	0	0	0	0	0	0	0.0117647	0	0	0	0	0	0	0	0	0	0	0	0	0.0117647	0	0	0
0	0	0	0	0	0	0	0	0	0	0	0	0	0	0	0	0	0	0	0	0	0	0	0	0	0	0	0.5	0	0	0	0	0	0	0	0	0	0	0	0	0	0.5	0	0	0	0	0	0	0	0	0	0	0	0	0	0	0	0	0	0	0	0	0	0	0	0	0	0	0	0	0	0	0	0	0	0	0	0	0	0	0	0	0	0	0	0	0	0	0	0	0	0	0	0	0	0	0	0	0	0	0	0	0	0	0	0	0	0	0	0	0	0	0	0	0	0	0	0	0	0	0	0	0	0	0	0	0	0	0	0	0	0	0	0	0	0	0	0	0	0	0	0	0	0	0	0	0	0	0	0	0	0	0	0	0	0	0	0	0	0	0	0	0
0	0	0	0	0	0	0	0	0	0	0	0	0	0	0	0	0	0	0	0	0	0	0	0	0	0	0	0	0	0	0	0.333333	0	0.333333	0	0	0	0	0	0.166667	0	0	0	0	0	0	0	0	0	0	0	0	0	0	0	0	0	0	0	0	0	0	0	0	0	0	0	0	0	0	0	0	0	0	0	0	0	0	0	0	0	0	0	0	0	0	0	0	0	0	0	0	0	0	0	0	0	0	0	0	0	0	0	0	0	0	0	0	0	0.166667	0	0	0	0	0	0	0	0	0	0	0	0	0	0	0	0	0	0	0	0	0	0	0	0	0	0	0	0	0	0	0	0	0	0	0	0	0	0	0	0	0	0	0	0	0	0	0	0	0	0	0	0	0
0	0	0	0	0	0	0	0	0	0	0	0	0	0	0	0	0	0	0	0	0	0	0	0	0	0	0	0	0	0	0	0	0	0	0	0	0	0	0	1	0	0	0	0	0	0	0	0	0	0	0	0	0	0	0	0	0	0	0	0	0	0	0	0	0	0	0	0	0	0	0	0	0	0	0	0	0	0	0	0	0	0	0	0	0	0	0	0	0	0	0	0	0	0	0	0	0	0	0	0	0	0	0	0	0	0	0	0	0	0	0	0	0	0	0	0	0	0	0	0	0	0	0	0	0	0	0	0	0	0	0	0	0	0	0	0	0	0	0	0	0	0	0	0	0	0	0	0	0	0	0	0	0	0	0	0	0	0	0	0	0	0	0
0	0	0	0	0	0	0	0	0	0	0	0	0	0	0	0	0	0	0	0	0	0	0	0	0	0	0	1	0	0	0	0	0	0	0	0	0	0	0	0	0	0	0	0	0	0	0	0	0	0	0	0	0	0	0	0	0	0	0	0	0	0	0	0	0	0	0	0	0	0	0	0	0	0	0	0	0	0	0	0	0	0	0	0	0	0	0	0	0	0	0	0	0	0	0	0	0	0	0	0	0	0	0	0	0	0	0	0	0	0	0	0	0	0	0	0	0	0	0	0	0	0	0	0	0	0	0	0	0	0	0	0	0	0	0	0	0	0	0	0	0	0	0	0	0	0	0	0	0	0	0	0	0	0	0	0	0	0	0	0	0	0	0
0	0	0	0	0	0	0	0	0	0	0	0	0	0	0	0	0	0	0	0	0	0	0	0	0	0	0	0.5	0	0.25	0	0	0	0.25	0	0	0	0	0	0	0	0	0	0	0	0	0	0	0	0	0	0	0	0	0	0	0	0	0	0	0	0	0	0	0	0	0	0	0	0	0	0	0	0	0	0	0	0	0	0	0	0	0	0	0	0	0	0	0	0	0	0	0	0	0	0	0	0	0	0	0	0	0	0	0	0	0	0	0	0	0	0	0	0	0	0	0	0	0	0	0	0	0	0	0	0	0	0	0	0	0	0	0	0	0	0	0	0	0	0	0	0	0	0	0	0	0	0	0	0	0	0	0	0	0	0	0	0	0	0	0	0	0
0.0238095	0	0	0	0	0	0	0	0	0	0	0	0	0	0	0	0	0.0238095	0	0	0	0	0	0	0	0	0.416667	0.0238095	0.0238095	0.119048	0	0	0	0.0119048	0	0	0	0	0	0	0	0	0	0	0	0.047619	0	0	0	0	0	0	0	0	0.0238095	0	0	0	0.047619	0	0	0	0	0	0	0	0	0	0	0	0.0952381	0	0.0119048	0	0.0714286	0	0	0.0119048	0	0	0	0	0	0	0	0	0	0	0	0	0	0	0.0119048	0	0	0	0	0	0	0	0	0	0	0	0	0	0	0	0	0	0	0	0	0	0	0	0	0	0	0.0119048	0	0	0	0	0	0	0	0	0	0	0	0	0	0	0	0	0	0	0	0	0	0	0	0	0	0	0	0	0	0	0.0238095	0	0	0	0	0	0	0	0	0	0	0	0
0	0.0422535	0.00469484	0	0	0	0	0	0	0	0	0	0	0	0	0	0	0	0.028169	0	0	0	0	0	0	0	0.00469484	0.408451	0	0.0469484	0	0.0187793	0	0.0422535	0	0	0.00938967	0	0	0	0	0	0	0	0	0.00469484	0.122066	0	0.00469484	0.00469484	0	0	0	0	0.00469484	0	0.0657277	0	0.00938967	0.0140845	0	0	0	0	0	0	0	0	0	0	0	0	0.056338	0	0.00938967	0.00469484	0	0.00469484	0	0	0	0.00469484	0	0	0	0.00938967	0	0	0	0	0	0	0	0	0.0375587	0	0	0	0	0	0	0	0	0	0	0	0	0	0	0	0	0	0	0	0	0	0	0	0	0.0140845	0.00469484	0.00469484	0	0.00469484	0	0	0	0	0	0	0	0	0	0	0	0	0	0.00469484	0	0	0	0	0	0	0	0	0	0	0	0	0	0.00469484	0	0	0	0	0	0	0	0	0	0	0
0	0	0	0	0	0	0	0	0	0	0	0	0	0	0	0	0	0	0	0	0	0	0	0	0	0	0	0	0.333333	0	0	0	0	0	0	0	0.111111	0	0	0	0	0	0	0	0	0	0	0.0555556	0	0	0	0	0	0	0	0	0	0	0	0	0	0	0	0	0	0	0	0	0	0	0.111111	0	0	0.0555556	0	0	0	0	0	0	0	0	0.111111	0	0.111111	0	0	0	0	0	0	0	0.111111	0	0	0	0	0	0	0	0	0	0	0	0	0	0	0	0	0	0	0	0	0	0	0	0	0	0	0	0	0	0	0	0	0	0	0	0	0	0	0	0	0	0	0	0	0	0	0	0	0	0	0	0	0	0	0	0	0	0	0	0	0	0	0	0	0	0	0	0	0	0
0	0.00769231	0	0.0307692	0	0	0	0	0	0	0	0	0	0	0	0	0	0	0	0	0.0230769	0	0	0	0	0	0	0.0538462	0.0153846	0.261538	0	0.00769231	0	0.0538462	0	0	0	0	0	0.00769231	0	0	0	0	0	0.0230769	0.115385	0	0.107692	0	0	0	0	0	0	0	0.0230769	0	0.1	0	0	0.0307692	0	0	0	0	0	0	0	0	0	0	0.0153846	0	0.0538462	0	0	0	0	0.00769231	0	0	0	0	0	0	0	0	0	0	0	0	0	0	0	0	0	0	0	0	0	0	0	0	0	0	0	0	0	0	0	0	0	0	0	0	0	0	0	0.00769231	0	0.0230769	0	0	0	0.00769231	0	0	0	0	0	0	0	0	0	0	0	0	0	0.0230769	0	0	0	0	0	0	0	0	0	0	0	0	0	0	0	0	0	0	0	0	0	0	0
0	0	0	0	0	0	0	0	0	0	0	0	0	0	0	0	0	0	0	0	0	0	0	0	0	0	0	0.833333	0	0	0	0	0	0	0	0	0	0	0	0	0	0	0	0	0	0	0.166667	0	0	0	0	0	0	0	0	0	0	0	0	0	0	0	0	0	0	0	0	0	0	0	0	0	0	0	0	0	0	0	0	0	0	0	0	0	0	0	0	0	0	0	0	0	0	0	0	0	0	0	0	0	0	0	0	0	0	0	0	0	0	0	0	0	0	0	0	0	0	0	0	0	0	0	0	0	0	0	0	0	0	0	0	0	0	0	0	0	0	0	0	0	0	0	0	0	0	0	0	0	0	0	0	0	0	0	0	0	0	0	0	0	0	0	0
0	0	0	0	0	0	0	0	0	0	0	0	0	0	0	0	0	0	0	0	0	0	0	0	0	0	0	0	0	0.206897	0	0.0689655	0	0.137931	0	0	0	0	0	0	0	0	0	0	0	0	0.172414	0	0.206897	0.0344828	0.103448	0	0	0	0	0	0	0	0	0	0	0.0344828	0	0	0	0	0	0	0	0	0	0	0	0	0	0	0	0	0	0	0	0.0344828	0	0	0	0	0	0	0	0	0	0	0	0	0	0	0	0	0	0	0	0	0	0	0	0	0	0	0	0	0	0	0	0	0	0	0	0	0	0	0	0	0	0	0	0	0	0	0	0	0	0	0	0	0	0	0	0	0	0	0	0	0	0	0	0	0	0	0	0	0	0	0	0	0	0	0	0	0	0	0	0	0
0	0	0	0	0	0	0	0	0	0	0	0	0	0	0	0	0	0	0	0	0	0	0	0	0	0	0	0	0	0	0	0	0	0	0	0	0	0	0	0	0	0	0	0	0	1	0	0	0	0	0	0	0	0	0	0	0	0	0	0	0	0	0	0	0	0	0	0	0	0	0	0	0	0	0	0	0	0	0	0	0	0	0	0	0	0	0	0	0	0	0	0	0	0	0	0	0	0	0	0	0	0	0	0	0	0	0	0	0	0	0	0	0	0	0	0	0	0	0	0	0	0	0	0	0	0	0	0	0	0	0	0	0	0	0	0	0	0	0	0	0	0	0	0	0	0	0	0	0	0	0	0	0	0	0	0	0	0	0	0	0	0	0
0	0	0	0	0	0	0	0	0	0	0	0	0	0	0	0	0	0	0	0	0	0	0	0	0	0	0	0	0	0.5	0	0	0	0	0	0	0	0	0	0	0	0	0	0	0	0	0	0.5	0	0	0	0	0	0	0	0	0	0	0	0	0	0	0	0	0	0	0	0	0	0	0	0	0	0	0	0	0	0	0	0	0	0	0	0	0	0	0	0	0	0	0	0	0	0	0	0	0	0	0	0	0	0	0	0	0	0	0	0	0	0	0	0	0	0	0	0	0	0	0	0	0	0	0	0	0	0	0	0	0	0	0	0	0	0	0	0	0	0	0	0	0	0	0	0	0	0	0	0	0	0	0	0	0	0	0	0	0	0	0	0	0	0	0
0	0	0	0	0	0	0	0	0	0	0	0	0	0	0	0	0	0	0	0	0	0	0	0	0	0	0	0	0	0	0	0	0	0	0	0	0.25	0	0	0	0	0	0	0	0	0	0.25	0	0.25	0	0	0	0	0	0	0	0	0	0	0	0	0	0	0	0	0	0	0	0	0	0	0	0	0	0	0	0	0	0	0	0	0.25	0	0	0	0	0	0	0	0	0	0	0	0	0	0	0	0	0	0	0	0	0	0	0	0	0	0	0	0	0	0	0	0	0	0	0	0	0	0	0	0	0	0	0	0	0	0	0	0	0	0	0	0	0	0	0	0	0	0	0	0	0	0	0	0	0	0	0	0	0	0	0	0	0	0	0	0	0	0	0	0	0
0.0105263	0.00210526	0	0	0	0	0	0	0	0	0	0	0	0	0	0	0	0.0147368	0.00421053	0	0	0	0	0	0	0	0.258947	0.0294737	0.00631579	0.0652632	0	0.0147368	0	0.00631579	0	0	0	0	0	0.00210526	0	0	0	0	0	0.0126316	0	0	0	0	0	0	0	0	0.0231579	0	0	0	0	0	0	0	0	0	0	0	0	0	0	0	0.178947	0	0.0610526	0.0315789	0.0589474	0.0147368	0	0.00421053	0	0.00421053	0	0.00210526	0	0	0.0715789	0.00631579	0	0.0105263	0.00210526	0.00421053	0	0	0.0210526	0	0.00210526	0	0	0	0	0	0	0	0	0	0	0	0	0	0	0	0.00210526	0	0	0	0	0	0	0	0.0315789	0.0231579	0.00842105	0.00421053	0.00210526	0.00421053	0	0	0	0	0	0	0	0	0	0	0	0	0	0	0	0	0	0	0	0	0	0	0	0	0	0	0	0	0	0	0	0	0	0	0	0	0	0	0
0	0	0	0	0	0	0	0	0	0	0	0	0	0	0	0	0	0	0	0	0	0	0	0	0	0	0	0	0	0	0	0	0	0	0	0	0	0	0	0	0	0	0	0	0	0	0	0	0	0	0	0	0	0	0	0	0	0	0	0	0	0	0	0	0	0	0	0	0	0	0	0	0	0	1	0	0	0	0	0	0	0	0	0	0	0	0	0	0	0	0	0	0	0	0	0	0	0	0	0	0	0	0	0	0	0	0	0	0	0	0	0	0	0	0	0	0	0	0	0	0	0	0	0	0	0	0	0	0	0	0	0	0	0	0	0	0	0	0	0	0	0	0	0	0	0	0	0	0	0	0	0	0	0	0	0	0	0	0	0	0	0	0
0	0.016791	0	0.00373134	0	0	0	0	0	0	0	0	0	0	0	0	0	0	0.0261194	0	0.00466418	0.000932836	0	0	0	0	0.0149254	0.237873	0	0.0251866	0	0.0139925	0.000932836	0.0223881	0	0	0.000932836	0	0	0.00373134	0	0	0	0	0	0	0.00839552	0.00186567	0.00186567	0	0	0	0	0	0.0102612	0	0.0886194	0	0.00652985	0.000932836	0	0.00186567	0	0	0	0	0	0	0	0	0.00373134	0	0.186567	0	0.0475746	0.0335821	0	0.0326493	0	0.00186567	0	0.00373134	0	0	0	0.0522388	0	0.00466418	0.000932836	0.00279851	0	0	0	0	0.0429104	0	0.000932836	0.00186567	0	0	0	0	0	0	0	0	0	0	0	0	0	0.00186567	0.000932836	0	0	0	0	0	0.000932836	0.0335821	0.00652985	0.0186567	0	0.00839552	0	0.00746269	0	0	0.00186567	0.000932836	0	0	0	0	0	0	0	0.00186567	0	0.00186567	0	0	0	0	0	0	0	0	0	0	0	0.00652985	0	0	0	0	0	0	0	0	0	0	0
0	0	0	0	0	0	0	0	0	0	0	0	0	0	0	0	0	0.037037	0	0	0	0	0	0	0	0	0.185185	0	0.185185	0	0	0.0185185	0	0	0	0	0.0555556	0	0	0	0	0	0	0	0	0	0	0	0	0	0	0	0	0	0.0740741	0	0	0.0185185	0	0	0	0	0	0	0	0	0	0	0	0	0.037037	0	0	0.148148	0	0	0	0	0.0555556	0.0555556	0	0	0	0	0.0185185	0	0.0185185	0	0	0	0	0	0.0185185	0	0	0	0	0	0	0	0	0	0	0	0	0	0	0	0	0	0	0	0	0	0	0	0	0	0.0185185	0	0.0185185	0	0	0	0	0	0	0	0	0	0	0	0	0.0185185	0	0	0.0185185	0	0	0	0	0	0	0	0	0	0	0	0	0	0	0	0	0	0	0	0	0	0	0	0	0	0
0	0.00583658	0	0.0175097	0	0	0.00583658	0	0	0	0	0	0	0.00194553	0	0	0	0	0.00583658	0	0.0116732	0	0.00389105	0	0	0	0	0.0447471	0.00194553	0.114786	0	0.00194553	0	0.0194553	0	0	0	0	0	0.0136187	0	0	0	0	0	0	0	0	0.0525292	0	0	0	0	0	0.040856	0	0.0622568	0	0.0603113	0	0	0.00389105	0.00194553	0	0	0.00194553	0	0	0	0	0.00389105	0	0.0214008	0.00389105	0.142023	0.0077821	0	0.0311284	0	0.0077821	0	0.0155642	0	0	0	0.00583658	0	0.0350195	0	0.00194553	0	0	0	0	0.00389105	0	0.0252918	0	0	0.00194553	0	0	0	0	0	0	0	0	0	0	0	0.00389105	0.0077821	0	0	0	0	0	0	0.0175097	0.0077821	0.11284	0	0.00389105	0	0.0233463	0	0	0.00194553	0	0.0077821	0	0.00194553	0	0	0.00194553	0.00194553	0	0	0.0077821	0	0	0.00194553	0	0	0	0	0	0	0	0	0.00194553	0	0.0116732	0	0	0	0.00389105	0	0	0	0	0
0	0.0576923	0	0	0	0	0	0	0	0	0	0	0	0	0	0	0	0	0.0192308	0	0	0	0	0	0	0	0.0769231	0.307692	0.0192308	0	0	0	0	0.0192308	0	0	0	0	0	0	0	0	0	0	0	0	0	0	0	0	0	0	0	0	0.0192308	0	0.115385	0	0	0.0192308	0	0	0	0	0	0	0	0	0	0	0	0	0.134615	0	0	0	0	0	0	0.0192308	0	0	0	0	0	0.0961538	0	0	0	0	0	0	0	0	0.0384615	0	0	0	0	0	0	0	0	0	0	0	0	0	0	0	0	0	0	0	0	0	0	0	0	0.0192308	0	0	0	0.0192308	0	0	0	0	0	0	0	0	0	0	0	0	0	0	0	0	0	0	0	0	0	0	0	0	0	0	0	0.0192308	0	0	0	0	0	0	0	0	0	0	0
0	0	0	0	0	0	0	0	0	0	0	0	0	0	0	0	0	0	0	0	0	0	0	0	0	0	0	0	0	0	0	0	0	0	0	0	0	0	0	0	0	0	0	0	0	0	0	0	0	0	0	0	0	0	1	0	0	0	0	0	0	0	0	0	0	0	0	0	0	0	0	0	0	0	0	0	0	0	0	0	0	0	0	0	0	0	0	0	0	0	0	0	0	0	0	0	0	0	0	0	0	0	0	0	0	0	0	0	0	0	0	0	0	0	0	0	0	0	0	0	0	0	0	0	0	0	0	0	0	0	0	0	0	0	0	0	0	0	0	0	0	0	0	0	0	0	0	0	0	0	0	0	0	0	0	0	0	0	0	0	0	0	0
0	0.010101	0	0.010101	0	0	0.010101	0	0	0	0	0	0	0	0	0	0	0	0	0	0.020202	0	0	0	0	0	0	0.010101	0	0.0909091	0	0.010101	0	0.0505051	0	0	0.010101	0	0	0.010101	0	0	0	0	0	0	0.010101	0	0.0505051	0	0	0	0	0	0	0	0.10101	0	0.161616	0.020202	0	0.010101	0	0.010101	0	0	0	0	0	0	0	0	0.010101	0	0.0808081	0	0	0.030303	0	0.010101	0	0.040404	0	0	0	0	0	0.010101	0	0	0	0	0	0	0	0	0.020202	0.010101	0	0.030303	0	0	0	0	0	0	0	0	0	0	0	0	0	0	0	0	0	0	0	0	0	0.0606061	0	0.030303	0	0.040404	0	0	0	0	0	0	0	0	0	0	0	0	0	0.010101	0	0	0.010101	0	0	0	0	0	0	0	0	0	0	0.010101	0	0	0	0	0	0	0	0	0
0	0	0	0	0	0	0	0	0	0	0	0	0	0	0	0	0	0	0	0	0	0	0	0	0	0	0	0	0	0	0	0	0	0	0	0	0	0	0	0	0	0	0	0	0	0	0	0	0	0	0	0	0	0	0	0	1	0	0	0	0	0	0	0	0	0	0	0	0	0	0	0	0	0	0	0	0	0	0	0	0	0	0	0	0	0	0	0	0	0	0	0	0	0	0	0	0	0	0	0	0	0	0	0	0	0	0	0	0	0	0	0	0	0	0	0	0	0	0	0	0	0	0	0	0	0	0	0	0	0	0	0	0	0	0	0	0	0	0	0	0	0	0	0	0	0	0	0	0	0	0	0	0	0	0	0	0	0	0	0	0	0	0
0	0	0	0	0	0	0	0	0	0	0	0	0	0	0	0	0	0	0	0	0	0	0	0	0	0	0	0.0833333	0	0.0833333	0	0	0	0	0	0	0	0	0	0	0	0	0	0	0	0	0	0	0.0833333	0	0	0	0	0	0.0833333	0	0.25	0	0.25	0	0	0	0	0	0	0	0	0	0	0	0	0	0.0833333	0	0	0	0	0	0.0833333	0	0	0	0	0	0	0	0	0	0	0	0	0	0	0	0	0	0	0	0	0	0	0	0	0	0	0	0	0	0	0	0	0	0	0	0	0	0	0	0	0	0	0	0	0	0	0	0	0	0	0	0	0	0	0	0	0	0	0	0	0	0	0	0	0	0	0	0	0	0	0	0	0	0	0	0	0	0	0	0	0	0	0	0
0	0	0	0	0	0	0	0	0	0	0	0	0	0	0	0	0	0	0	0	0	0	0	0	0	0	0	0	0	0	0	0	0	0	0	0	0	0	0	0	0	0	0	0	0	0	0	0	0	0	0	0	0	0	1	0	0	0	0	0	0	0	0	0	0	0	0	0	0	0	0	0	0	0	0	0	0	0	0	0	0	0	0	0	0	0	0	0	0	0	0	0	0	0	0	0	0	0	0	0	0	0	0	0	0	0	0	0	0	0	0	0	0	0	0	0	0	0	0	0	0	0	0	0	0	0	0	0	0	0	0	0	0	0	0	0	0	0	0	0	0	0	0	0	0	0	0	0	0	0	0	0	0	0	0	0	0	0	0	0	0	0	0
0	0	0	0	0	0	0	0	0	0	0	0	0	0	0	0	0	0	0	0	0	0	0	0	0	0	0	0	0	0	0	0	0	0	0	0	0	0	0	0	0	0	0	0	0	0	0	0	0	0	0	0	0	0	0	0	1	0	0	0	0	0	0	0	0	0	0	0	0	0	0	0	0	0	0	0	0	0	0	0	0	0	0	0	0	0	0	0	0	0	0	0	0	0	0	0	0	0	0	0	0	0	0	0	0	0	0	0	0	0	0	0	0	0	0	0	0	0	0	0	0	0	0	0	0	0	0	0	0	0	0	0	0	0	0	0	0	0	0	0	0	0	0	0	0	0	0	0	0	0	0	0	0	0	0	0	0	0	0	0	0	0	0
0	0.0344828	0	0	0	0	0	0	0	0	0	0.0344828	0	0	0	0	0	0	0	0	0	0	0	0	0	0	0	0.0344828	0	0	0	0	0	0	0	0	0	0	0	0.0689655	0	0	0	0	0	0	0	0	0	0	0	0	0	0	0	0	0.172414	0	0.137931	0.103448	0	0.0689655	0	0	0	0	0	0	0	0	0	0	0	0	0	0	0	0.0344828	0	0.0689655	0	0	0	0	0	0	0	0.0344828	0	0	0	0	0	0	0	0	0	0	0	0	0	0	0	0	0	0	0	0	0	0	0	0	0	0	0	0	0	0	0	0.0344828	0	0.0344828	0	0	0	0.0689655	0	0	0.0344828	0	0.0344828	0	0	0	0	0	0	0	0	0	0	0	0	0	0	0	0	0	0	0	0	0	0	0	0	0	0	0	0	0	0	0	0
0	0	0	0	0	0	0	0	0	0	0	0	0	0	0	0	0	0	0	0	0	0	0	0	0	0	0	0	0	0	0	0	0	0	0	0	0	0	0	0	0	0	0	0	0	0	0	0	0	0	0	0	0	0	1	0	0	0	0	0	0	0	0	0	0	0	0	0	0	0	0	0	0	0	0	0	0	0	0	0	0	0	0	0	0	0	0	0	0	0	0	0	0	0	0	0	0	0	0	0	0	0	0	0	0	0	0	0	0	0	0	0	0	0	0	0	0	0	0	0	0	0	0	0	0	0	0	0	0	0	0	0	0	0	0	0	0	0	0	0	0	0	0	0	0	0	0	0	0	0	0	0	0	0	0	0	0	0	0	0	0	0	0
0	0	0	0	0	0	0	0	0	0	0	0	0	0	0	0	0	0	0	0	0	0	0	0	0	0	0	0	0	0	0	0	0	0	0	0	0	0	0	0	0	0	0	0	0	0	0	0	0	0	0	0	0	0	0	0	1	0	0	0	0	0	0	0	0	0	0	0	0	0	0	0	0	0	0	0	0	0	0	0	0	0	0	0	0	0	0	0	0	0	0	0	0	0	0	0	0	0	0	0	0	0	0	0	0	0	0	0	0	0	0	0	0	0	0	0	0	0	0	0	0	0	0	0	0	0	0	0	0	0	0	0	0	0	0	0	0	0	0	0	0	0	0	0	0	0	0	0	0	0	0	0	0	0	0	0	0	0	0	0	0	0	0
0	0	0	0	0	0	0	0	0	0	0	0	0	0	0	0	0	0	0	0	0	0	0	0	0	0	0	0	0	0	0	0	0	0	0	0	0	0	0	0	0	0	0	0	0	0	0	0	0	0	0	0	0	0	0	0	1	0	0	0	0	0	0	0	0	0	0	0	0	0	0	0	0	0	0	0	0	0	0	0	0	0	0	0	0	0	0	0	0	0	0	0	0	0	0	0	0	0	0	0	0	0	0	0	0	0	0	0	0	0	0	0	0	0	0	0	0	0	0	0	0	0	0	0	0	0	0	0	0	0	0	0	0	0	0	0	0	0	0	0	0	0	0	0	0	0	0	0	0	0	0	0	0	0	0	0	0	0	0	0	0	0	0
0.00696056	0	0	0	0	0	0	0	0	0	0	0	0	0	0	0	0	0	0	0	0	0	0	0	0	0	0.0278422	0	0	0	0	0	0	0	0	0	0	0	0	0	0	0	0	0	0	0.0556845	0	0.00232019	0.00232019	0	0	0	0	0	0.385151	0	0.025522	0.00696056	0.0278422	0.00928074	0	0	0	0	0	0	0.00232019	0	0	0	0.037123	0	0	0.00464037	0	0	0	0	0	0	0	0	0	0	0	0	0	0	0	0	0	0	0.25058	0	0.0324826	0.00464037	0.0139211	0.00928074	0	0.00696056	0	0	0.00232019	0	0.00232019	0	0	0	0	0	0.00232019	0	0	0	0	0	0	0	0.0348028	0	0.00232019	0	0	0	0	0	0	0	0	0	0	0	0	0	0	0	0.00928074	0.00928074	0.00928074	0.00696056	0	0	0.00232019	0	0	0	0	0	0	0	0.00464037	0.00232019	0	0	0	0	0	0	0	0	0	0	0
0	0	0	0	0	0	0	0	0	0	0	0	0	0	0	0	0	0	0	0	0	0	0	0	0	0	0	0	0	0	0	0	0	0	0	0	0	0	0	0	0	0	0	0	0	0	0	0	0	0	0	0	0	0	0	1	0	0	0	0	0	0	0	0	0	0	0	0	0	0	0	0	0	0	0	0	0	0	0	0	0	0	0	0	0	0	0	0	0	0	0	0	0	0	0	0	0	0	0	0	0	0	0	0	0	0	0	0	0	0	0	0	0	0	0	0	0	0	0	0	0	0	0	0	0	0	0	0	0	0	0	0	0	0	0	0	0	0	0	0	0	0	0	0	0	0	0	0	0	0	0	0	0	0	0	0	0	0	0	0	0	0	0
0	0.0124481	0.00103734	0.00207469	0.00103734	0.00207469	0	0	0	0	0	0	0	0	0	0	0	0	0	0	0	0	0	0	0	0	0	0.0715768	0.00207469	0.00726141	0	0	0	0	0	0	0	0	0	0	0	0	0	0	0	0.00207469	0.0456432	0	0.00311203	0.00103734	0.00207469	0	0	0	0.00829876	0	0.322614	0.00103734	0.0363071	0.0114108	0	0.00726141	0	0.00103734	0	0	0.00207469	0	0	0	0.00829876	0	0.124481	0.00103734	0.00103734	0.00103734	0	0.00103734	0	0	0	0	0	0	0	0.00622407	0	0	0	0	0	0	0.00311203	0	0.188797	0.00103734	0.0207469	0.00311203	0	0.00726141	0	0	0.00311203	0	0.00207469	0	0	0	0	0	0	0.00414938	0	0	0	0	0	0	0	0.0373444	0	0.00207469	0	0	0	0	0	0	0	0	0	0	0	0	0	0	0.00207469	0.0176349	0.00311203	0.00622407	0	0.00414938	0.00414938	0	0	0	0	0	0	0	0	0.00207469	0	0.00103734	0	0	0	0	0	0	0	0	0
0	0	0.0113636	0	0	0	0	0	0	0	0	0	0	0	0	0	0	0	0	0	0	0	0	0	0	0	0.0454545	0	0.0113636	0	0	0	0	0	0	0	0	0	0	0	0	0	0	0	0	0.0454545	0	0.0454545	0	0	0	0	0	0	0.204545	0	0	0.204545	0	0.0113636	0	0	0	0	0	0	0	0	0	0	0.0113636	0	0.0227273	0.0113636	0	0	0	0	0	0	0	0	0	0	0	0	0	0	0	0	0	0	0.204545	0	0	0.0681818	0	0	0	0	0	0	0.0113636	0	0	0	0	0	0	0	0.0113636	0	0	0	0	0	0	0	0.0113636	0	0.0568182	0	0	0	0	0	0	0	0	0	0	0	0	0	0	0	0	0	0	0	0	0	0	0	0	0	0	0	0.0113636	0	0	0	0	0	0	0	0	0	0	0	0	0	0
0.00382409	0.00573614	0.00382409	0.0248566	0	0.00191205	0	0	0	0	0	0	0	0	0.00191205	0	0	0	0	0	0.00764818	0	0.00382409	0	0	0	0.00191205	0.0114723	0	0.0497132	0.00191205	0	0	0.00956023	0	0	0	0	0	0	0.00191205	0	0	0	0.00191205	0	0.0114723	0	0.0172084	0	0.00191205	0	0	0.00191205	0.00382409	0	0.0478011	0.00764818	0.195029	0.00382409	0	0.0191205	0	0.00191205	0	0	0	0.00191205	0	0	0.116635	0	0.0783939	0	0.0630975	0.00382409	0	0.00191205	0	0	0	0	0	0	0	0	0	0.0210325	0	0	0	0	0.00573614	0	0.0172084	0	0.0898662	0	0	0.00382409	0	0	0	0	0.00191205	0	0	0	0	0	0	0	0.00191205	0	0	0	0	0	0.00191205	0.00956023	0	0.0286807	0	0	0	0.00191205	0	0	0	0	0.00191205	0	0	0	0	0	0	0.00191205	0.00382409	0.0516252	0	0	0.0133843	0	0	0	0	0	0	0	0	0.00191205	0	0.0305927	0	0.00191205	0	0	0	0	0	0	0
0	0.0175439	0	0	0	0	0	0	0	0	0	0	0	0	0	0	0	0	0	0	0	0	0	0	0	0	0	0.105263	0	0	0	0	0	0	0	0	0	0	0	0	0	0	0	0	0	0	0.0614035	0	0	0	0	0	0	0	0.0175439	0	0.307018	0	0	0	0	0.00877193	0	0	0	0	0	0	0	0	0.0175439	0	0.0526316	0	0.00877193	0.00877193	0	0	0	0	0	0	0	0	0	0.00877193	0	0	0	0	0	0	0.00877193	0	0.324561	0.00877193	0	0.00877193	0	0	0	0	0	0	0	0	0	0	0	0	0	0	0	0	0	0	0	0	0	0.00877193	0	0	0	0	0	0	0	0	0	0	0	0	0	0	0	0	0	0	0.00877193	0	0	0.00877193	0	0	0	0	0	0	0	0	0	0.00877193	0	0	0	0	0	0	0	0	0	0	0
0	0	0	0	0	0	0	0	0	0	0	0	0	0	0	0	0	0	0	0	0	0	0	0	0	0	0	0	0	0	0	0	0	0	0	0	0	0	0	0	0	0	0	0	0	0	0	0	0	0	0	0	0	0	0	0	0	0	0	0	0	0	0	0	0	0	0	0	0	0	1	0	0	0	0	0	0	0	0	0	0	0	0	0	0	0	0	0	0	0	0	0	0	0	0	0	0	0	0	0	0	0	0	0	0	0	0	0	0	0	0	0	0	0	0	0	0	0	0	0	0	0	0	0	0	0	0	0	0	0	0	0	0	0	0	0	0	0	0	0	0	0	0	0	0	0	0	0	0	0	0	0	0	0	0	0	0	0	0	0	0	0	0
0	0	0	0.02	0	0.00666667	0	0	0.00666667	0	0	0	0	0	0	0	0	0	0	0	0	0	0	0	0	0	0	0	0	0.02	0	0	0	0.0533333	0	0	0	0	0	0	0	0.00666667	0	0	0	0	0	0	0.00666667	0	0.00666667	0	0	0	0	0	0.0533333	0	0.1	0.00666667	0	0.06	0	0	0	0	0.00666667	0	0	0	0.00666667	0	0.273333	0.00666667	0.126667	0.04	0	0.0333333	0	0.00666667	0	0.00666667	0	0	0	0	0	0.0133333	0	0.02	0	0	0	0	0.00666667	0	0	0	0	0.0133333	0	0	0	0	0	0	0	0	0	0	0	0	0	0	0	0	0	0	0	0	0	0	0	0	0	0.04	0	0	0	0	0	0	0	0	0	0	0	0	0	0.02	0	0.00666667	0.02	0	0	0	0	0	0	0	0	0	0	0.00666667	0	0	0	0	0	0	0	0	0
0	0	0	0	0	0	0	0	0	0	0	0	0	0	0	0	0	0	0	0	0	0	0	0	0	0	0	0	0.142857	0	0	0	0	0	0	0	0	0	0	0	0	0	0	0	0	0	0	0.142857	0	0	0	0	0	0	0	0	0	0.142857	0	0	0	0	0	0	0	0	0	0	0	0	0	0	0	0	0	0	0	0	0	0	0	0	0	0	0	0	0	0	0	0	0	0	0	0	0	0.428571	0	0	0	0	0	0	0	0	0	0	0	0	0	0	0	0	0	0	0	0	0	0	0	0	0.142857	0	0	0	0	0	0	0	0	0	0	0	0	0	0	0	0	0	0	0	0	0	0	0	0	0	0	0	0	0	0	0	0	0	0	0	0	0	0	0	0	0	0
0	0	0	0	0	0	0	0	0.0277778	0	0	0	0	0	0	0	0	0	0	0	0	0	0	0	0	0	0	0	0	0	0	0	0	0	0	0	0	0	0	0	0	0	0	0	0	0	0.0555556	0	0.0555556	0	0	0	0	0	0	0	0.0277778	0	0.111111	0.0277778	0	0	0	0.0277778	0	0	0	0	0	0	0.111111	0	0	0.111111	0.0555556	0	0	0	0	0.0833333	0	0	0	0	0	0	0	0	0	0	0	0	0	0	0.0277778	0	0.222222	0	0	0	0	0	0	0	0	0	0	0	0	0	0	0	0	0	0	0	0	0	0	0	0	0	0	0	0	0	0	0	0	0	0	0	0	0	0	0	0	0	0.0277778	0	0	0	0	0.0277778	0	0	0	0	0	0	0	0	0	0	0	0	0	0	0	0	0	0	0
0	0	0	0	0	0	0	0	0	0	0	0	0	0	0	0	0	0	0	0	0	0	0	0	0	0	0	0	0	0	0	0	0	0	0	0	0	0	0	0	0	0	0	0	0	0	0	0	0	0	0	0	0	0	0	0	0	0	0	0	0	0	0	0	0	0	0	0	0	0	0	0	1	0	0	0	0	0	0	0	0	0	0	0	0	0	0	0	0	0	0	0	0	0	0	0	0	0	0	0	0	0	0	0	0	0	0	0	0	0	0	0	0	0	0	0	0	0	0	0	0	0	0	0	0	0	0	0	0	0	0	0	0	0	0	0	0	0	0	0	0	0	0	0	0	0	0	0	0	0	0	0	0	0	0	0	0	0	0	0	0	0	0
0	0	0	0	0	0	0	0	0.0408163	0	0	0.0204082	0	0	0	0	0	0	0	0	0	0	0	0	0	0	0	0	0	0	0	0	0	0	0	0	0	0	0	0.0816327	0	0	0	0	0	0	0	0	0	0	0	0	0	0	0	0	0	0	0	0	0	0	0	0	0	0	0.122449	0	0	0	0	0	0.122449	0	0.163265	0.142857	0	0.0204082	0	0.0204082	0	0	0	0	0	0	0	0	0	0	0	0	0	0	0	0	0	0	0	0	0	0	0	0	0.22449	0	0	0	0	0	0	0	0	0	0	0	0	0	0	0	0	0	0	0	0	0	0	0	0	0	0	0	0	0	0	0	0	0	0	0.0204082	0	0	0	0	0	0.0204082	0	0	0	0	0	0	0	0	0	0	0	0	0	0	0	0	0
0	0	0	0	0	0	0	0	0	0	0	0	0	0	0	0	0	0	0	0	0	0	0	0	0	0	0	0	0	0	0	0	0	0	0	0	0	0	0	0	0	0	0	0	0	0	0	0	0	0	0	0	0	0	0	0	0	0	0	0	0	0	0	0	0	0	0	0	0	0	0	0	0	0	0	0	0	0	0	0.5	0	0	0	0	0	0	0	0	0	0	0	0	0	0	0	0	0	0	0	0	0	0	0.5	0	0	0	0	0	0	0	0	0	0	0	0	0	0	0	0	0	0	0	0	0	0	0	0	0	0	0	0	0	0	0	0	0	0	0	0	0	0	0	0	0	0	0	0	0	0	0	0	0	0	0	0	0	0	0	0	0	0	0	0
0	0	0	0	0	0	0	0	0	0	0	0	0	0	0	0	0	0	0	0	0	0	0	0	0	0	0	0	0	0	0	0	0	0	0	0	0	0	0	0	0	0	0	0	0	0	0	0	0	0	0	0	0	0	0	0	0	0	0	0	0	0	0	0	0	0	0	0	0	0	0	0	0	0	0.5	0	0	0.5	0	0	0	0	0	0	0	0	0	0	0	0	0	0	0	0	0	0	0	0	0	0	0	0	0	0	0	0	0	0	0	0	0	0	0	0	0	0	0	0	0	0	0	0	0	0	0	0	0	0	0	0	0	0	0	0	0	0	0	0	0	0	0	0	0	0	0	0	0	0	0	0	0	0	0	0	0	0	0	0	0	0	0	0	0
0.00826446	0	0	0	0	0	0	0	0	0	0	0	0	0	0	0	0	0	0	0	0	0	0	0	0	0	0.0495868	0	0	0	0	0	0	0	0	0	0	0	0	0	0	0	0	0	0	0	0	0	0	0	0	0	0	0	0.123967	0	0	0	0	0	0	0	0	0	0	0	0	0	0	0	0.00826446	0	0	0	0	0	0	0	0	0	0	0	0	0	0.0165289	0	0	0	0	0	0	0	0.272727	0	0.14876	0.0495868	0.123967	0	0	0.0165289	0	0	0	0	0	0	0	0	0	0	0.0661157	0.00826446	0.00826446	0	0.0247934	0	0	0	0.0661157	0	0	0	0	0	0	0	0	0	0	0	0	0	0	0	0	0	0	0	0	0	0	0	0	0	0	0	0	0	0	0	0	0	0.00826446	0	0	0	0	0	0	0	0	0	0
0	0.00396825	0	0	0	0	0	0	0	0	0	0	0	0	0	0	0	0	0.00396825	0	0	0	0	0	0	0	0	0.031746	0	0.00396825	0	0	0	0	0	0	0	0	0	0	0	0	0	0	0	0	0.00793651	0	0	0	0	0	0	0	0	0	0.0952381	0	0.0119048	0.00396825	0	0.00396825	0	0	0	0	0.00396825	0	0	0	0	0	0.015873	0.00396825	0.00396825	0	0	0	0	0	0	0	0	0	0	0.0634921	0	0	0.00396825	0	0	0	0.015873	0	0.289683	0	0.0912698	0.047619	0	0.0515873	0	0	0.00793651	0	0.0198413	0	0	0	0	0	0	0.0674603	0.015873	0	0	0	0	0	0	0.103175	0.00396825	0.00396825	0	0	0	0.00396825	0	0	0	0	0	0	0	0	0	0	0	0	0.00396825	0.00793651	0	0	0	0	0	0	0	0	0	0	0	0.00396825	0	0	0	0	0	0	0	0	0	0	0
0	0	0	0	0	0	0	0	0	0	0	0	0	0	0	0	0	0	0	0	0	0	0	0	0	0	0.125	0	0	0	0	0	0	0	0	0	0	0	0	0	0	0	0	0	0	0	0	0	0	0	0	0	0	0	0.125	0	0	0	0	0	0	0	0	0	0	0	0	0	0	0	0	0	0	0	0	0	0	0	0	0	0	0	0	0	0	0	0	0	0	0	0	0	0.125	0	0	0.5	0	0.125	0	0	0	0	0	0	0	0	0	0	0	0	0	0	0	0	0	0	0	0	0	0	0	0	0	0	0	0	0	0	0	0	0	0	0	0	0	0	0	0	0	0	0	0	0	0	0	0	0	0	0	0	0	0	0	0	0	0	0	0	0	0	0	0	0
0	0	0	0	0	0	0	0	0	0	0	0	0	0	0	0	0	0	0	0	0	0	0	0	0	0	0	0.0141844	0	0.0567376	0	0	0	0	0	0	0	0	0.0070922	0.0070922	0	0	0	0	0	0	0	0	0	0	0	0	0	0	0	0	0.0212766	0	0.0141844	0	0	0.0141844	0	0	0	0	0.0070922	0	0	0	0	0	0	0	0.212766	0	0	0	0	0	0	0	0	0	0.035461	0.0283688	0.0070922	0.0425532	0	0	0	0	0	0	0.0851064	0.0283688	0.219858	0.0283688	0	0.0425532	0	0	0.0070922	0	0	0	0	0	0	0	0	0	0.0567376	0.0070922	0	0	0	0	0	0.0070922	0	0.0425532	0	0	0	0	0	0	0	0	0	0	0	0	0	0	0	0	0	0.0070922	0	0	0	0	0	0	0	0	0	0	0	0	0	0	0	0	0	0	0	0	0	0	0
0	0	0	0	0	0	0	0	0	0	0	0	0	0	0	0	0	0	0	0	0	0	0	0	0	0	0	0	0	0	0	0.0769231	0	0	0	0	0	0	0	0	0	0	0	0	0	0	0	0	0	0	0	0	0	0	0	0	0	0	0	0	0	0	0	0	0	0	0	0	0	0	0	0	0	0	0	0	0	0	0	0	0	0	0	0	0	0.0769231	0	0	0	0	0	0	0	0	0.230769	0	0	0	0	0.0769231	0	0	0	0	0	0	0	0	0	0	0	0.384615	0	0	0	0	0	0	0	0.153846	0	0	0	0	0	0	0	0	0	0	0	0	0	0	0	0	0	0	0	0	0	0	0	0	0	0	0	0	0	0	0	0	0	0	0	0	0	0	0	0	0	0	0
0	0	0	0	0	0	0	0	0	0	0	0	0	0	0	0	0	0	0	0	0	0	0	0	0	0	0	0	0	0.0416667	0	0	0	0	0	0	0	0	0	0	0	0	0	0	0	0	0	0	0	0	0	0	0	0	0	0	0	0	0	0	0	0	0	0	0	0	0	0	0	0	0	0	0	0	0	0	0	0	0	0	0	0	0	0	0	0.0416667	0	0.125	0	0.0416667	0	0	0	0	0	0	0.166667	0.125	0	0.208333	0	0	0.125	0	0	0	0.0416667	0	0	0	0	0	0	0	0.0416667	0	0	0	0	0	0	0	0	0	0	0.0416667	0	0	0	0	0	0	0	0	0	0	0	0	0	0	0	0	0	0	0	0	0	0	0	0	0	0	0	0	0	0	0	0	0	0	0	0	0
0	0	0	0	0	0	0	0	0	0	0	0	0	0	0	0	0	0	0	0	0	0	0	0	0	0	0	0	0.5	0	0	0	0	0	0	0	0	0	0	0	0	0	0	0	0	0	0	0	0	0	0	0	0	0	0	0	0	0	0	0	0	0	0	0	0	0	0	0	0	0	0	0	0	0	0	0	0	0	0	0	0	0	0	0	0	0	0	0	0	0	0	0	0	0	0.5	0	0	0	0	0	0	0	0	0	0	0	0	0	0	0	0	0	0	0	0	0	0	0	0	0	0	0	0	0	0	0	0	0	0	0	0	0	0	0	0	0	0	0	0	0	0	0	0	0	0	0	0	0	0	0	0	0	0	0	0	0	0	0	0	0	0	0	0
0	0	0	0	0	0	0	0	0	0	0	0	0	0	0	0	0	0	0	0	0	0	0	0	0	0	0	0.166667	0	0.166667	0	0	0	0	0	0	0	0	0	0	0	0	0	0	0	0	0	0	0	0	0	0	0	0	0	0	0	0	0	0	0	0	0	0	0	0	0	0	0	0	0	0	0	0	0	0	0	0	0	0	0	0	0	0	0	0	0	0	0	0	0	0	0	0	0.166667	0	0	0	0	0.166667	0	0	0	0	0	0	0	0	0	0	0	0	0	0	0	0	0	0	0	0	0	0.166667	0	0	0	0	0	0	0.166667	0	0	0	0	0	0	0	0	0	0	0	0	0	0	0	0	0	0	0	0	0	0	0	0	0	0	0	0	0	0	0	0	0	0
0.00704225	0.00528169	0.00528169	0.00528169	0	0	0	0	0	0	0	0	0	0	0	0	0	0.00880282	0.00176056	0	0	0	0	0	0	0	0.0105634	0	0.00176056	0.00352113	0	0	0	0.00176056	0	0	0	0	0	0	0	0	0	0	0	0.00176056	0	0	0	0	0	0	0	0	0.0387324	0	0.00352113	0	0.00352113	0	0	0	0	0	0	0	0	0	0	0	0.27993	0	0.0176056	0.0246479	0.0492958	0.00352113	0	0.00352113	0	0	0	0	0	0	0.0950704	0.00880282	0.00176056	0.00704225	0	0	0	0	0.040493	0	0.00176056	0	0	0	0	0	0	0	0	0	0	0	0	0	0	0	0.00704225	0	0	0	0	0	0	0	0.198944	0.0492958	0.0158451	0.0580986	0	0.00352113	0	0.00176056	0	0	0	0	0.00176056	0	0	0	0	0	0.028169	0	0	0.00176056	0	0	0	0	0	0	0	0	0	0	0.00176056	0	0	0	0	0	0	0	0	0	0	0	0
0	0	0	0	0	0	0	0	0	0	0	0	0	0	0	0	0	0	0	0	0	0	0	0	0	0	0	0	0	0	0	0	0	0	0	0	0	0	0	0	0	0	0	0	0	0	0	0	0	0	0	0	0	0	0	0	0	0	0	0	0	0	0	0	0	0	0	0	0	0	0	1	0	0	0	0	0	0	0	0	0	0	0	0	0	0	0	0	0	0	0	0	0	0	0	0	0	0	0	0	0	0	0	0	0	0	0	0	0	0	0	0	0	0	0	0	0	0	0	0	0	0	0	0	0	0	0	0	0	0	0	0	0	0	0	0	0	0	0	0	0	0	0	0	0	0	0	0	0	0	0	0	0	0	0	0	0	0	0	0	0	0	0
0.00172563	0.00949094	0.00172563	0.0103538	0	0.00431406	0.00345125	0	0	0	0	0	0	0	0	0	0	0.000862813	0.00258844	0	0.00345125	0	0.000862813	0	0	0	0.000862813	0.0120794	0.000862813	0.00258844	0	0.000862813	0	0.00345125	0	0	0	0	0	0.000862813	0	0	0	0	0	0	0.00431406	0	0	0	0	0	0	0.000862813	0	0	0.0578085	0.000862813	0.00949094	0.00172563	0	0.00172563	0	0	0	0	0	0	0	0	0.0103538	0	0.235548	0	0.0284728	0.0207075	0.000862813	0.0181191	0	0	0	0.00258844	0	0	0.000862813	0.0578085	0.000862813	0.013805	0.000862813	0.00258844	0	0.00258844	0.00949094	0	0.125108	0.00258844	0.00949094	0	0	0.00172563	0	0	0	0	0	0	0	0	0.000862813	0	0	0.00776531	0	0	0	0	0	0	0.000862813	0.161346	0.00172563	0.0422778	0	0.0112166	0	0.0319241	0	0	0.00345125	0	0.00862813	0	0	0	0	0	0	0.0405522	0	0.00258844	0	0	0.000862813	0	0	0	0	0	0	0	0	0.00345125	0	0	0	0	0.000862813	0	0	0	0	0	0
0	0	0	0	0	0	0	0	0	0	0	0	0	0	0	0	0	0.0114943	0	0	0	0	0	0	0	0	0	0	0.0229885	0	0	0	0	0	0	0	0	0	0	0	0	0	0	0	0	0.0114943	0	0	0	0	0	0	0	0	0.0689655	0	0	0	0	0	0	0	0	0	0	0	0	0	0	0	0.045977	0	0.0114943	0.229885	0	0.0114943	0	0	0.0229885	0.0114943	0	0	0	0	0.0114943	0	0.0344828	0	0.0114943	0	0	0	0.0804598	0	0	0.0229885	0	0	0	0	0	0	0	0	0	0	0	0	0	0	0.0229885	0	0	0	0	0	0	0	0.137931	0	0.126437	0	0	0.0114943	0	0	0.0114943	0	0.0114943	0	0	0	0	0.0114943	0	0	0.0229885	0	0.0344828	0	0	0	0	0	0	0	0	0	0	0	0	0	0	0	0	0	0	0	0	0	0	0	0
0.003663	0.00732601	0	0.0641026	0	0.003663	0.014652	0	0.0018315	0	0	0	0	0	0	0	0	0	0.0018315	0	0.014652	0.0018315	0	0	0	0	0.003663	0.00549451	0.0018315	0.0238095	0	0.0018315	0	0.003663	0	0	0.003663	0	0	0.0018315	0	0	0	0	0	0	0.003663	0	0.00732601	0	0	0	0	0.0018315	0	0	0.00549451	0	0.0274725	0.0018315	0	0.003663	0	0	0	0.0018315	0.0018315	0	0.0018315	0	0.0018315	0	0.047619	0.003663	0.117216	0.00915751	0	0.0238095	0	0.00915751	0	0.0311355	0	0	0	0.0128205	0	0.0622711	0.0018315	0.0018315	0.0018315	0.0018315	0.0750916	0	0.0714286	0	0.0915751	0.003663	0	0.00549451	0	0.0018315	0	0	0	0	0	0	0	0	0	0.0018315	0.0274725	0.0018315	0.003663	0	0	0	0.003663	0.025641	0	0.0732601	0	0.00732601	0	0.0201465	0	0	0.003663	0	0.0164835	0	0	0	0	0	0	0.003663	0	0.014652	0	0	0.0018315	0	0	0	0	0	0	0	0	0	0	0.0018315	0	0	0	0	0	0	0	0	0.0018315
0	0	0	0	0	0.0121951	0	0.0121951	0	0	0	0	0	0	0	0	0	0	0.0243902	0	0	0	0	0	0	0	0	0.0365854	0.0243902	0	0	0	0	0	0	0	0	0	0	0	0	0	0	0	0	0	0.0121951	0	0	0	0	0	0	0	0.0121951	0	0.0853659	0	0	0	0	0	0	0	0	0	0	0	0	0	0.0243902	0	0.256098	0.0121951	0	0	0	0	0	0	0	0	0	0	0	0.0487805	0	0	0	0	0.0121951	0	0	0	0.0731707	0	0	0.0243902	0	0	0	0	0.0121951	0	0	0	0	0	0	0	0	0	0	0	0	0	0	0	0.0121951	0.195122	0	0	0	0.0365854	0	0	0	0	0.0121951	0	0	0	0	0	0	0	0	0.0609756	0	0	0	0	0	0	0	0	0	0	0	0	0	0	0	0	0	0	0	0	0	0	0	0	0
0	0	0	0	0	0	0	0	0	0	0	0	0	0	0	0	0	0	0	0	0	0	0	0	0	0	0	0	0	0	0	0	0	0	0	0	0	0	0	0	0	0	0	0	0	0	0	0	0	0	0	0	0	0	0	0	0	0	0	0	0	0	0	0	0	0	0	0	0	0	0	0	0	0	0	0	0	0	0	0	0	0	0	0	0	0	0	0	0	0	0	0	1	0	0	0	0	0	0	0	0	0	0	0	0	0	0	0	0	0	0	0	0	0	0	0	0	0	0	0	0	0	0	0	0	0	0	0	0	0	0	0	0	0	0	0	0	0	0	0	0	0	0	0	0	0	0	0	0	0	0	0	0	0	0	0	0	0	0	0	0	0	0
0	0	0	0.00671141	0	0	0.00671141	0	0.0134228	0	0	0	0	0	0	0	0	0	0	0	0.0134228	0	0	0	0	0	0	0.0134228	0	0	0	0.0134228	0	0.0134228	0	0	0.0134228	0	0	0	0	0.00671141	0	0	0	0	0	0	0	0	0	0	0	0	0	0	0	0	0	0.00671141	0	0	0	0	0	0	0	0	0	0	0	0	0.0402685	0	0.0671141	0.0201342	0	0.0604027	0	0	0	0	0	0	0	0.033557	0	0.0469799	0.0201342	0.0469799	0	0	0.0268456	0	0.120805	0	0.174497	0.0134228	0	0.0738255	0	0	0.00671141	0	0.00671141	0	0	0	0	0	0	0	0.00671141	0.00671141	0.00671141	0	0	0	0	0	0	0.0268456	0	0	0	0.0201342	0	0	0	0	0.00671141	0	0	0	0	0	0	0.00671141	0	0.00671141	0	0	0.0469799	0	0	0	0	0	0	0	0	0	0	0	0	0	0	0	0	0	0	0	0
0	0	0	0	0	0	0	0	0	0	0	0	0	0	0	0	0	0	0	0	0	0	0	0	0	0	0	0	0	0	0	0	0	0	0	0	0	0	0	0	0	0	0	0	0	0	0	0	0	0	0	0	0	0	0	0	0	0	0	0	0	0	0	0	0	0	0	0	0	0	0	0	0	0	0	0	0	0	0	0	0	0	0	0	0	0	1	0	0	0	0	0	0	0	0	0	0	0	0	0	0	0	0	0	0	0	0	0	0	0	0	0	0	0	0	0	0	0	0	0	0	0	0	0	0	0	0	0	0	0	0	0	0	0	0	0	0	0	0	0	0	0	0	0	0	0	0	0	0	0	0	0	0	0	0	0	0	0	0	0	0	0	0
0	0	0	0	0	0	0	0	0	0	0	0	0	0	0	0	0	0	0	0	0	0	0	0	0	0	0	0	0	0	0	0	0	0	0	0	0	0	0	0	0	0	0	0	0	0	0	0	0	0	0	0	0	0	0	0	0	0	0	0	0	0	0	0	0	0	0	0	0	0	0	0	0	0	0	0	0	0	0	0	0	0	0	0	0	0	0	0	0	0	0	0	0	0	1	0	0	0	0	0	0	0	0	0	0	0	0	0	0	0	0	0	0	0	0	0	0	0	0	0	0	0	0	0	0	0	0	0	0	0	0	0	0	0	0	0	0	0	0	0	0	0	0	0	0	0	0	0	0	0	0	0	0	0	0	0	0	0	0	0	0	0	0
0	0	0	0	0	0	0	0	0	0	0	0	0	0	0	0	0	0	0	0	0.037037	0	0	0	0	0	0	0	0	0	0	0	0	0	0	0	0.037037	0	0	0	0	0	0	0	0	0	0	0	0	0	0	0	0	0	0	0	0	0	0	0	0	0	0	0	0	0	0	0	0	0	0	0	0	0.037037	0.0740741	0	0	0	0.037037	0.037037	0	0	0	0	0	0.148148	0	0	0	0	0	0	0.0740741	0	0.0740741	0.037037	0	0.111111	0	0	0	0	0	0	0	0	0	0	0	0	0	0	0.037037	0	0	0	0	0	0	0.0740741	0	0.185185	0	0	0	0	0	0	0	0	0	0	0	0	0	0	0	0	0	0	0	0	0	0	0	0	0	0	0	0	0	0	0	0	0	0	0	0	0	0	0	0	0
0	0	0	0	0	0	0	0	0	0	0	0	0	0	0	0	0	0	0	0	0	0	0	0	0	0	0	0	0	0	0	0	0	0	0	0	0	0	0	0	0	0	0	0	0	0	0	0	0	0	0	0	0	0	0	0	0	0	0	0	0	0	0	0	0	0	0	0	0	0	0	0	0	0	0	0	0	0	0	0	0	0	0	0	0	0	0	0	0	0	0	0	0	0	1	0	0	0	0	0	0	0	0	0	0	0	0	0	0	0	0	0	0	0	0	0	0	0	0	0	0	0	0	0	0	0	0	0	0	0	0	0	0	0	0	0	0	0	0	0	0	0	0	0	0	0	0	0	0	0	0	0	0	0	0	0	0	0	0	0	0	0	0
0	0	0	0	0	0	0	0	0	0	0	0.0322581	0	0	0	0	0	0	0	0	0	0	0	0	0	0	0	0	0	0	0	0	0	0	0	0	0.0322581	0	0	0.0322581	0	0	0	0	0	0	0	0	0	0	0	0	0	0	0	0	0	0	0	0	0	0	0	0	0	0	0	0	0	0	0	0	0	0	0	0	0	0.0322581	0	0	0	0.0322581	0	0	0	0	0	0	0	0	0	0.0322581	0	0	0.0967742	0	0.16129	0.0322581	0	0.0645161	0	0	0	0	0.0967742	0	0	0	0	0	0	0	0	0	0	0	0	0	0	0	0	0	0	0	0	0	0	0	0	0	0.354839	0	0	0	0	0	0	0	0	0	0	0	0	0	0	0	0	0	0	0	0	0	0	0	0	0	0	0	0	0	0	0	0
0	0	0	0	0	0	0	0	0	0	0	0	0	0	0	0	0	0	0	0	0	0	0	0	0	0	0	0	0	0	0	0	0	0	0	0	0	0	0	0	0	0	0	0	0	0	0	0	0	0	0	0	0	0	0	0	0	0	0	0	0	0	0	0	0	0	0	0	0	0	0	0	0	0	0	0	0	0	0	0	0	0	0	0	0	0	0	0	0	0	0	0	0	0	1	0	0	0	0	0	0	0	0	0	0	0	0	0	0	0	0	0	0	0	0	0	0	0	0	0	0	0	0	0	0	0	0	0	0	0	0	0	0	0	0	0	0	0	0	0	0	0	0	0	0	0	0	0	0	0	0	0	0	0	0	0	0	0	0	0	0	0	0
0	0	0	0	0	0	0	0	0	0	0	0	0	0	0	0	0	0	0	0	0	0	0	0	0	0	0	0	0	0	0	0	0	0	0	0	0	0	0	0	0	0	0	0	0	0	0	0	0	0	0	0	0	0	0	0	0	0	0	0	0	0	0	0	0	0	0	0	0	0	0	0	0	0	0	0	0	0	0	0	0	0	0	0	0	0	0	0	0	0	0	0	0	0	1	0	0	0	0	0	0	0	0	0	0	0	0	0	0	0	0	0	0	0	0	0	0	0	0	0	0	0	0	0	0	0	0	0	0	0	0	0	0	0	0	0	0	0	0	0	0	0	0	0	0	0	0	0	0	0	0	0	0	0	0	0	0	0	0	0	0	0	0
0	0	0	0	0	0	0	0	0	0	0	0	0	0	0	0	0	0	0	0	0	0	0	0	0	0	0	0	0	0	0	0	0	0	0	0	0	0	0	0	0	0	0	0	0	0	0	0	0	0	0	0	0	0	0	0	0	0	0	0	0	0	0	0	0	0	0	0	0	0	0	0	0	0	0	0	0	0	0	1	0	0	0	0	0	0	0	0	0	0	0	0	0	0	0	0	0	0	0	0	0	0	0	0	0	0	0	0	0	0	0	0	0	0	0	0	0	0	0	0	0	0	0	0	0	0	0	0	0	0	0	0	0	0	0	0	0	0	0	0	0	0	0	0	0	0	0	0	0	0	0	0	0	0	0	0	0	0	0	0	0	0	0
0	0	0	0	0	0	0	0	0	0	0	0	0	0	0	0	0	0	0	0	0	0	0	0	0	0	0	0	0	0	0	0	0	0	0	0	0	0	0	0	0	0	0	0	0	0	0	0	0	0	0	0	0	0	0	0	0	0	0	0	0	0	0	0	0	0	0	0	0	0	0	0	0	0	0	0	0	0	0	0	0	0	0	0	0	0	0	0	0	0	0	0	0	0	0	0	1	0	0	0	0	0	0	0	0	0	0	0	0	0	0	0	0	0	0	0	0	0	0	0	0	0	0	0	0	0	0	0	0	0	0	0	0	0	0	0	0	0	0	0	0	0	0	0	0	0	0	0	0	0	0	0	0	0	0	0	0	0	0	0	0	0	0
0	0	0	0	0	0	0	0	0	0	0	0	0	0	0	0	0	0	0	0	0	0	0	0	0	0	0	0	0	0	0	0	0	0	0	0	0	0	0	0	0	0	0	0	0	0	0	0	0	0	0	0	0	0	0	0	0	0	0	0	0	0	0	0	0	0	0	0	0	0	0	0	0	0	0	0	0	0	0	0	0	0	0	0	0	0	0	0	0	0	0	0	0	0	0	1	0	0	0	0	0	0	0	0	0	0	0	0	0	0	0	0	0	0	0	0	0	0	0	0	0	0	0	0	0	0	0	0	0	0	0	0	0	0	0	0	0	0	0	0	0	0	0	0	0	0	0	0	0	0	0	0	0	0	0	0	0	0	0	0	0	0	0
0	0	0	0	0	0	0	0	0	0	0	0	0	0	0	0	0	0	0	0	0	0	0	0	0	0	0	0	0	0	0	0	0	0	0	0	0	0	0	0	0	0	0	0	0	0	0	0	0	0	0	0	0	0	0.0508475	0	0	0	0	0.0169492	0	0	0	0	0	0	0	0	0	0	0	0	0	0	0	0	0	0	0	0	0	0	0	0	0.118644	0	0	0	0	0	0	0	0.118644	0	0.0169492	0	0.0169492	0	0	0	0	0	0	0	0	0	0	0	0	0	0	0	0	0	0	0	0	0	0.305085	0.135593	0.0338983	0.135593	0	0	0	0.0169492	0	0	0	0	0.0169492	0	0	0	0	0	0	0	0	0	0	0	0	0	0	0	0	0	0	0	0.0169492	0	0	0	0	0	0	0	0	0	0	0	0
0	0.00595238	0	0	0	0	0	0	0	0	0	0	0	0	0	0	0	0	0	0	0	0	0	0	0	0	0	0.00595238	0	0	0	0	0	0	0	0	0	0	0	0	0	0	0	0	0	0	0	0	0	0	0	0	0	0	0	0	0.0297619	0	0	0	0	0	0	0	0	0	0	0	0	0	0	0	0.0238095	0	0	0	0	0	0	0	0	0	0	0	0	0.077381	0	0	0	0	0	0	0.00595238	0	0.0714286	0	0.00595238	0.0119048	0	0.0119048	0	0	0	0	0	0	0	0	0	0	0.00595238	0.0595238	0	0	0.00595238	0	0	0	0.0178571	0.333333	0.0119048	0.107143	0	0.0297619	0	0.0595238	0	0	0.0178571	0	0.00595238	0	0	0	0	0	0	0.00595238	0	0	0	0	0	0	0	0	0	0	0	0	0	0.0833333	0	0.00595238	0	0	0	0	0	0	0	0	0
0	0	0	0.00826446	0	0	0	0	0	0	0	0	0	0	0	0	0	0	0	0	0	0	0	0	0	0	0	0	0	0	0	0	0	0	0	0	0	0	0	0	0	0	0	0	0	0	0	0	0	0	0	0	0	0	0	0	0.00826446	0	0.0330579	0	0	0.0165289	0	0	0	0	0.00826446	0	0	0	0	0	0	0	0	0.00826446	0	0	0	0	0	0	0	0	0	0	0	0.00826446	0	0	0	0	0	0	0.00826446	0	0.107438	0.00826446	0	0	0	0	0	0	0.00826446	0	0	0	0	0	0.00826446	0.00826446	0.115702	0	0	0	0	0	0.00826446	0.115702	0.0165289	0.330579	0	0.0247934	0	0.0909091	0	0	0	0	0.0247934	0	0	0	0	0	0	0	0	0	0	0	0	0	0	0	0	0	0	0	0	0	0	0.0330579	0	0	0	0	0	0	0	0	0
0	0	0	0	0	0	0	0	0	0	0	0	0	0	0	0	0	0	0	0	0	0	0	0	0	0	0	0	0	0	0	0	0	0	0	0	0	0	0	0	0	0	0	0	0	0	0	0	0	0	0	0	0	0	0	0	0	0	0	0	0	0	0	0	0	0	0	0	0	0	0	0	0	0	0	0	0	0	0	0	0	0	0	0	0	0	0	0	0	0	0	0	0	0	0.4	0	0	0	0	0	0	0	0	0	0	0	0	0	0	0	0	0	0.2	0	0	0	0	0	0	0	0	0	0	0	0	0	0	0	0	0	0	0	0	0	0	0	0	0	0	0	0	0	0	0	0	0.2	0	0	0	0	0	0.2	0	0	0	0	0	0	0	0	0	0	0
0	0	0	0	0	0	0	0	0	0	0	0	0	0	0	0	0	0	0	0	0	0	0	0	0	0	0	0	0	0	0	0	0	0	0	0	0	0	0	0	0	0	0	0	0	0	0	0	0	0	0	0	0	0	0	0	0	0	0	0	0	0	0	0	0	0	0	0	0	0	0	0	0	0	0	0	0	0	0	0	0	0	0	0	0	0	0	0	0	0	0	0	0	0	0	0	0	0	0	0	0	0	0	0	0	0	0	0	0	0	0	0.0588235	0.235294	0	0	0	0	0	0	0.0588235	0	0.470588	0	0.0588235	0	0.117647	0	0	0	0	0	0	0	0	0	0	0	0	0	0	0	0	0	0	0	0	0	0	0	0	0	0	0	0	0	0	0	0	0	0	0	0	0
0	0	0	0	0	0	0	0	0	0	0	0	0	0	0	0	0	0	0	0	0	0	0	0	0	0	0	0	0	0	0	0	0	0	0	0	0	0	0	0	0	0	0	0	0	0	0	0	0	0	0	0	0	0	0	0	0	0	0	0	0	0	0	0	0	0	0	0	0	0	0	0	0	0	0	0	0	0	0	0	0	0	0	0	0	0	0	0	0	0	0	0	0	0	0	0	0	0	0	0	0	0	0	0	0	0	0	0	0	0	0	1	0	0	0	0	0	0	0	0	0	0	0	0	0	0	0	0	0	0	0	0	0	0	0	0	0	0	0	0	0	0	0	0	0	0	0	0	0	0	0	0	0	0	0	0	0	0	0	0	0	0	0
0	0	0	0	0	0	0	0	0	0	0	0	0	0	0	0	0	0	0	0	0	0	0	0	0	0	0	0	0	0	0	0	0	0	0	0	0	0	0	0	0	0	0	0	0	0	0	0	0	0	0	0	0	0	0	0	0	0	0	0	0	0	0	0	0	0	0	0	0	0	0	0	0	0	0	0	0	0	0	0	0	0	0	0	0	0	0	0	0	0	0	0	0	0	0	0	0	0	0	0	0	0	0	0	0	0	0	0	0	0	0	0	0	0	0	0	0	0	0	0	0	0	0	0	0	0.5	0	0	0.5	0	0	0	0	0	0	0	0	0	0	0	0	0	0	0	0	0	0	0	0	0	0	0	0	0	0	0	0	0	0	0	0	0	0
0	0	0	0	0	0	0	0	0	0	0	0	0	0	0	0	0	0	0	0	0	0	0	0	0	0	0	0	0	0	0	0	0	0	0	0	0	0	0	0	0	0	0	0	0	0	0	0	0	0	0	0	0	0	0	0	0	0	0	0	0	0	0	0	0	0	0	0	0	0	0	0	0	0	0	0	0	0	0	0	0	0	0	0	0	0	0	0	0	0	0	0	0	0	0	0	0	0	0	0	0	0	0	0	0	0	0	0	0	0	0	0	1	0	0	0	0	0	0	0	0	0	0	0	0	0	0	0	0	0	0	0	0	0	0	0	0	0	0	0	0	0	0	0	0	0	0	0	0	0	0	0	0	0	0	0	0	0	0	0	0	0	0
0.017331	0.0034662	0.0017331	0	0	0.0017331	0	0	0	0	0	0	0	0	0	0	0	0.0034662	0	0	0	0	0	0	0	0	0.0294627	0.0155979	0.0103986	0.00519931	0	0	0	0	0	0	0	0	0	0	0	0	0	0	0	0.0034662	0	0	0	0	0	0	0	0	0.00519931	0	0.0017331	0	0.0017331	0	0	0	0	0	0	0	0	0	0	0	0.034662	0	0.00693241	0	0.0034662	0	0	0	0	0	0	0	0	0	0.00519931	0	0	0	0	0	0	0	0.320624	0	0.0242634	0.0034662	0.0329289	0.0034662	0	0.0017331	0	0	0	0	0	0	0	0	0	0	0.0450607	0.0034662	0.00519931	0	0	0	0	0	0.0363951	0	0	0.0017331	0	0	0	0	0	0	0	0	0	0	0	0	0	0	0.152513	0.034662	0.0103986	0.0207972	0	0.0155979	0.00519931	0	0	0	0.0017331	0	0	0	0.103986	0.0155979	0.00519931	0.00519931	0	0	0	0	0	0	0	0	0
0	0.0451664	0	0.00396197	0	0.000792393	0.000792393	0	0	0	0	0.000792393	0.000792393	0	0	0	0	0	0.00396197	0	0.00158479	0	0	0	0	0	0.00237718	0.0301109	0.00475436	0.0174326	0	0.00950872	0	0.00554675	0	0	0	0	0	0.00158479	0	0	0	0	0	0	0	0	0.000792393	0	0	0.000792393	0	0	0.00237718	0	0.0229794	0.000792393	0.00158479	0	0	0	0	0	0	0	0	0	0	0	0	0	0.0324881	0	0.00950872	0.00158479	0	0.000792393	0	0	0	0	0	0	0.000792393	0.0190174	0	0.00158479	0.00158479	0	0	0	0.00554675	0	0.240887	0.000792393	0.0198098	0.00713154	0	0.0110935	0	0	0.00237718	0	0.00158479	0	0	0	0	0	0.00237718	0.0515055	0.00871632	0.000792393	0.000792393	0	0	0	0.0134707	0.0982567	0	0.00396197	0	0.00237718	0.000792393	0.00396197	0	0	0	0	0	0	0	0	0	0	0.00316957	0.136292	0.00316957	0.0213946	0	0.0103011	0.0206022	0	0	0.00237718	0.000792393	0	0	0	0.000792393	0.0863708	0	0.00713154	0	0.00237718	0	0.00237718	0	0	0.000792393	0	0
0	0	0	0	0	0	0	0	0	0	0	0	0	0	0	0	0	0	0	0	0	0	0	0	0	0	0.0169492	0	0.0169492	0	0	0	0	0	0	0	0.00847458	0	0	0	0	0	0	0	0	0	0	0	0	0	0	0	0	0	0.00847458	0	0	0	0	0	0	0	0	0	0	0	0	0	0	0	0.0338983	0	0	0.00847458	0	0	0	0	0	0	0	0	0	0	0.00847458	0	0	0	0	0	0	0	0.305085	0	0	0.211864	0	0	0	0	0	0	0	0	0	0	0	0	0	0	0.00847458	0	0	0	0	0	0	0	0.0847458	0	0.0254237	0	0	0	0	0	0	0	0	0	0	0	0	0	0	0	0.0677966	0	0.101695	0	0	0.00847458	0	0.00847458	0	0.00847458	0	0	0	0	0.059322	0	0.00847458	0	0	0	0	0	0	0	0	0	0
0	0.0070028	0	0.0238095	0	0.00140056	0.00420168	0	0	0	0.00140056	0	0	0	0	0	0.00140056	0.00140056	0.00140056	0	0.00420168	0	0	0.00140056	0	0	0.00280112	0.0238095	0.0112045	0.119048	0.00140056	0.0070028	0	0.022409	0	0	0.00140056	0	0	0.0112045	0	0	0.00140056	0.00140056	0	0.00140056	0	0	0.00420168	0	0	0	0	0	0.0070028	0	0.00140056	0.00280112	0.0294118	0	0	0.0154062	0	0	0	0	0.00140056	0	0	0	0	0	0	0	0.0238095	0	0	0.00420168	0	0	0	0	0	0	0	0	0	0.00840336	0.00140056	0	0	0	0.00280112	0	0.0210084	0.00280112	0.116246	0.00140056	0	0.0154062	0	0	0	0	0	0	0	0	0	0	0	0.012605	0.0294118	0	0.00140056	0	0	0	0.0672269	0.0728291	0	0.0742297	0	0.00420168	0	0.0140056	0	0	0	0	0	0	0	0.00140056	0	0.00140056	0.00140056	0.0182073	0.00140056	0.0896359	0	0.00280112	0.0280112	0	0.00140056	0.00420168	0.00420168	0.00280112	0	0	0	0.012605	0	0.0392157	0.00140056	0.00140056	0	0	0	0	0.00140056	0	0
0	0	0	0	0	0	0	0	0	0	0	0	0	0	0	0	0	0	0	0	0	0	0	0	0	0	0	0	0	0	0	0	0	0	0	0	0	0	0	0	0	0	0	0	0	0	0	0	0	0	0	0	0	0	0	0	0	0	0	0	0	0	0	0	0	0	0	0	0	0	0	0	0	0	0	0	0	0	0	0	0	0	0	0	0	0	0	0	0	0	0	0	0	0	0	0	0	0	0	0	0	0	0	0	0	0	0	0	0	0	0	0	0	0	0	0	0	0	1	0	0	0	0	0	0	0	0	0	0	0	0	0	0	0	0	0	0	0	0	0	0	0	0	0	0	0	0	0	0	0	0	0	0	0	0	0	0	0	0	0	0	0	0
0	0.0373134	0	0	0	0	0	0	0	0	0	0	0	0	0	0	0	0	0	0	0	0	0	0	0	0	0	0.0522388	0	0.00746269	0	0.0149254	0	0	0	0	0	0	0	0	0	0	0	0	0	0	0	0	0	0	0	0	0	0	0	0	0.0149254	0	0	0	0	0.00746269	0	0	0	0	0	0	0	0	0	0	0.0223881	0	0	0	0	0	0	0	0	0	0	0	0	0.0373134	0	0	0	0	0	0	0.0373134	0	0.335821	0	0	0.00746269	0	0	0	0	0	0	0	0	0	0	0	0	0.0298507	0.0373134	0	0	0	0	0	0	0.0149254	0.104478	0	0.0223881	0	0.00746269	0	0	0	0	0	0	0	0.00746269	0	0	0	0	0.0149254	0.11194	0	0	0	0.00746269	0.00746269	0.00746269	0	0	0	0	0	0	0.00746269	0.0447761	0	0	0	0	0	0	0	0	0	0	0
0	0	0	0	0	0	0	0	0	0	0	0	0	0	0	0	0	0	0	0	0	0	0	0	0	0	0	0	0	0	0	0	0	0	0	0	0	0	0	0	0	0	0	0	0	0	0	0	0	0	0	0	0	0	0	0	0	0	0	0	0	0	0	0	0	0	0	0	0	0	0	0	0	0	0	0	0	0	0	0	0	0	0	0	0	0	0	0	0	0	0	0	0	0	0	0	0	0	0	0	0	0	0	0	0	0	0	0	0	0	0	0	0	0	0	0	0	0	1	0	0	0	0	0	0	0	0	0	0	0	0	0	0	0	0	0	0	0	0	0	0	0	0	0	0	0	0	0	0	0	0	0	0	0	0	0	0	0	0	0	0	0	0
0	0	0	0	0	0	0.0217391	0	0	0	0	0	0	0	0	0	0	0	0	0	0.00869565	0	0.00434783	0	0	0	0	0.0130435	0	0.0304348	0	0.0304348	0	0.0652174	0	0	0.0391304	0	0	0.00869565	0	0	0	0	0	0	0	0	0.00434783	0	0	0	0	0	0	0	0	0	0.0130435	0.00434783	0	0.00434783	0.00434783	0.00434783	0.00434783	0	0	0	0	0	0	0	0	0	0	0.00434783	0	0.00434783	0	0	0.00434783	0	0	0	0	0	0	0	0	0	0	0	0	0	0.0173913	0	0.0869565	0.00434783	0	0.0304348	0	0.00434783	0	0	0	0	0	0	0	0	0	0.00869565	0.0521739	0	0.0130435	0	0	0	0.00434783	0.143478	0.00434783	0.117391	0	0.0304348	0	0.0608696	0	0	0.00434783	0	0.0217391	0	0	0	0	0	0	0.0130435	0	0.0173913	0	0	0.0478261	0	0	0	0.00869565	0	0	0.00434783	0	0	0	0.0217391	0	0	0	0.00869565	0	0	0	0	0
0	0	0	0	0	0	0	0	0	0	0	0	0	0	0	0	0	0	0	0	0	0	0	0	0	0	0	0	0	0	0	0	0	0	0	0	0	0	0	0	0	0	0	0	0	0	0	0	0	0	0	0	0	0	0	0	0	0	0	0	0	0	0	0	0	0	0	0	0	0	0	0	0	0	0	0	0	0	0	0	0	0	0	0	0	0	0	0	0	0	0	0	0	0	0	0.4	0	0	0	0	0	0	0	0	0	0	0	0	0	0	0	0	0	0	0	0	0	0	0.2	0	0.2	0	0	0	0	0	0	0	0	0	0	0	0	0	0	0	0	0	0.2	0	0	0	0	0	0	0	0	0	0	0	0	0	0	0	0	0	0	0	0	0	0	0	0
0	0	0	0	0	0	0	0	0	0	0	0	0	0	0	0	0	0	0	0	0	0	0	0	0	0	0	0	0	0	0	0	0	0	0	0	0	0	0	0	0	0	0	0	0	0	0	0	0	0	0	0	0	0	0	0	0	0	0	0	0	0	0	0	0	0	0	0	0	0	0	0	0	0	0	0	0	0	0	0	0	0	0	0	0	0	0	0	0	0	0	0	0	0	0	0	0	0	0	0	0	0	0	0	0	0	0	0	0	0	0	0	0	0	0	0	0	0	0	1	0	0	0	0	0	0	0	0	0	0	0	0	0	0	0	0	0	0	0	0	0	0	0	0	0	0	0	0	0	0	0	0	0	0	0	0	0	0	0	0	0	0	0
0	0	0	0	0	0	0	0	0	0	0	0	0	0	0	0	0	0	0	0	0	0	0	0	0	0	0	0	0	0	0	0	0	0	0	0	0	0	0	0	0	0	0	0	0	0	0	0	0	0	0	0	0	0	0	0	0	0	0.0175439	0	0	0	0	0	0	0	0	0	0	0	0	0	0	0	0	0	0	0	0	0	0	0	0	0	0	0	0	0	0	0	0	0	0	0	0.0350877	0	0.368421	0	0	0	0	0	0	0	0	0	0	0	0	0	0	0.0175439	0.0350877	0	0	0	0	0	0.0701754	0.105263	0.0877193	0.0701754	0	0.0175439	0	0	0	0	0.0175439	0	0	0	0	0	0	0	0	0.0175439	0.0175439	0.0175439	0	0	0	0	0	0.0175439	0	0	0	0	0	0	0	0.0877193	0	0	0	0	0	0	0	0	0
0	0	0	0	0	0	0	0	0	0	0	0	0	0	0	0	0	0	0	0	0	0	0	0	0	0	0	0	0	0	0	0	0	0	0	0	0	0	0	0	0	0	0	0	0	0	0	0	0	0	0	0	0	0	0	0	0	0	0	0	0	0	0	0	0	0	0	0	0	0	0	0	0	0	0	0	0	0	0	0	0	0	0	0	0	0	0	0	0	0	0	0	0	0	0	0	0	0	0	0	0	0	0	0	0	0	0	0	0	0	0	0	0	0	0	0	0	0	0	0.5	0	0.5	0	0	0	0	0	0	0	0	0	0	0	0	0	0	0	0	0	0	0	0	0	0	0	0	0	0	0	0	0	0	0	0	0	0	0	0	0	0	0	0	0
0	0	0	0	0	0	0	0	0	0	0	0	0	0	0	0	0	0	0	0	0	0	0	0	0	0	0	0	0	0.0588235	0	0	0	0.0705882	0	0	0.0705882	0	0	0.0470588	0	0	0	0	0	0	0	0	0	0	0	0	0	0	0	0	0	0	0	0	0	0	0	0.0117647	0	0	0.0235294	0	0	0	0	0	0	0	0	0	0	0	0	0	0	0.0588235	0	0	0	0	0	0	0	0	0	0	0	0	0	0	0	0	0	0	0	0	0	0	0.0235294	0	0	0	0	0	0	0	0	0	0	0	0.0235294	0	0	0.0588235	0.0117647	0.176471	0	0.0941176	0	0.0117647	0	0	0.0352941	0	0.105882	0	0	0	0	0	0	0	0	0.0117647	0	0	0	0	0	0.0117647	0.0823529	0	0	0	0	0.0117647	0	0	0	0	0	0	0	0	0	0	0
0	0	0	0	0	0	0	0	0	0	0	0	0	0	0	0	0	0	0	0	0	0	0	0	0	0	0	0	0	0	0	0	0	0	0	0	0	0	0	0	0	1	0	0	0	0	0	0	0	0	0	0	0	0	0	0	0	0	0	0	0	0	0	0	0	0	0	0	0	0	0	0	0	0	0	0	0	0	0	0	0	0	0	0	0	0	0	0	0	0	0	0	0	0	0	0	0	0	0	0	0	0	0	0	0	0	0	0	0	0	0	0	0	0	0	0	0	0	0	0	0	0	0	0	0	0	0	0	0	0	0	0	0	0	0	0	0	0	0	0	0	0	0	0	0	0	0	0	0	0	0	0	0	0	0	0	0	0	0	0	0	0	0
0	0	0	0	0	0	0	0	0	0	0	0	0	0	0	0	0	0	0	0	0	0	0	0	0	0	0	0	0	0	0	0	0	0	0	0	0	0	0	0	0	0	0	0	0	0	0	0	0	0	0	0	0	0	0	0	0	0	0	0	0	0	0	0	0	0	0	0	0	0	0	0	0	0	0	0	0	0	0	0	0	0	0	0	0	0	0	0	0	0	0	0	0	0	0	0	0	0	0	0	0	0	0	0	0	0	0	0	0	0	0	0	0	0	0	0	0	0	0	0	0	0	0	0	0	1	0	0	0	0	0	0	0	0	0	0	0	0	0	0	0	0	0	0	0	0	0	0	0	0	0	0	0	0	0	0	0	0	0	0	0	0	0
0	0	0	0	0	0	0	0	0	0	0	0	0	0	0	0	0	0	0	0	0	0	0	0	0	0	0	0	0	0	0	0	0	0	0	0	0	0	0	0	0	0	0	0	0	0	0	0	0	0	0	0	0	0	0	0	0	0	0	0	0	0	0	0	0	0	0	0	0	0	0	0	0	0	0	0	0	0	0	0	0	0	0	0	0	0	0	0	0	0	0	0	0	0	0	0	0	0	0	0	0	0	0	0	0	0	0	0	0	0	0	0	0	0	0	0	0	0	0	0	0.25	0.25	0	0.25	0	0	0	0	0	0	0	0	0	0	0	0	0	0	0.25	0	0	0	0	0	0	0	0	0	0	0	0	0	0	0	0	0	0	0	0	0	0	0	0
0	0	0	0	0	0	0	0	0	0	0	0	0	0	0	0	0	0	0	0	0	0	0	0	0	0	0	0	0	0	0	0	0	0	0	0	0	0	0	0	0	0	0	0	0	0	0	0	0	0	0	0	0	0	0	0	0	0	0	0	0	0	0	0	0	0	0	0	0	0	0	0	0	0	0	0	0	0	0	0	0	0	0	0	0	0	0	0	0	0	0	0	0	0	0	0	0	0	0	0	0	0	0	0	0	0	0	0	0	0	0	0	0	0	0	0	0	0	0	1	0	0	0	0	0	0	0	0	0	0	0	0	0	0	0	0	0	0	0	0	0	0	0	0	0	0	0	0	0	0	0	0	0	0	0	0	0	0	0	0	0	0	0
0	0	0	0	0	0	0	0	0	0	0	0	0	0	0	0	0	0	0	0	0	0	0	0	0	0	0	0	0	0	0	0	0	0	0	0	0	0	0	0	0	0	0	0	0	0	0	0	0	0	0	0	0	0	0	0	0	0	0	0	0	0	0	0	0	0	0	0	0	0	0	0	0	0	0	0	0	0	0	0	0	0	0	0	0	0	0	0	0	0	0	0	0	0	0	0	0	0	0	0	0	0	0	0	0	0	0	0	0	0	0	0	0	0	0	0	0	0	0	0.333333	0	0.333333	0	0	0	0.333333	0	0	0	0	0	0	0	0	0	0	0	0	0	0	0	0	0	0	0	0	0	0	0	0	0	0	0	0	0	0	0	0	0	0	0	0	0
0.184524	0.014881	0.0119048	0.0416667	0	0.00297619	0	0	0	0	0	0	0	0	0	0	0	0.00297619	0	0	0	0	0	0	0	0	0.0416667	0	0	0.00595238	0	0	0	0	0	0	0	0	0	0	0	0	0	0	0	0.00297619	0.00297619	0	0.00297619	0	0	0	0	0	0.00595238	0	0	0	0	0.00595238	0	0	0	0	0	0	0	0	0	0	0.00297619	0	0	0	0	0	0	0	0	0	0	0	0	0	0.00297619	0	0	0	0	0	0	0	0.0357143	0	0	0	0	0	0	0	0	0	0	0	0	0	0	0	0	0	0.00595238	0	0	0	0	0	0	0	0.452381	0.0327381	0.014881	0.0654762	0	0.00297619	0	0.00892857	0	0	0	0	0	0	0	0	0	0	0.047619	0	0	0	0	0	0	0	0	0	0	0	0	0	0	0	0	0	0	0	0	0	0	0	0	0	0
0.00883652	0.12813	0.00147275	0.0132548	0	0.00589102	0.0147275	0	0.00147275	0	0	0.00294551	0	0	0	0	0	0	0.00294551	0	0.00589102	0	0.00147275	0	0	0	0	0.0427099	0	0.00147275	0	0	0	0	0	0	0	0	0	0	0	0	0	0	0	0	0.00441826	0	0.00294551	0	0	0	0	0	0	0	0.00736377	0.00147275	0.00589102	0.00147275	0	0.00147275	0	0	0	0	0	0	0	0	0.00147275	0	0.00736377	0	0	0	0	0	0	0	0	0	0	0	0	0.00147275	0	0	0	0	0	0	0.00147275	0	0.0795287	0	0.0103093	0.00294551	0.00147275	0	0	0	0	0	0	0	0	0	0	0	0	0.0103093	0	0	0	0	0	0	0.0147275	0.407953	0.00147275	0.0456554	0	0.0279823	0	0.011782	0	0	0.00294551	0	0.00294551	0	0	0	0	0	0.0103093	0.083947	0.00147275	0.00294551	0	0.00147275	0.00441826	0	0	0	0	0	0	0	0	0.00736377	0	0	0	0	0	0	0	0	0	0	0
0.149254	0	0.0597015	0	0	0.0298507	0	0.0149254	0.0149254	0	0	0	0	0	0	0	0	0	0	0	0	0	0	0	0	0	0.0149254	0	0.0149254	0	0	0	0	0	0	0	0	0	0	0	0	0	0	0	0	0	0	0	0	0	0	0	0	0	0	0	0	0	0	0	0	0	0	0	0	0	0	0	0	0	0	0	0	0	0	0	0	0	0	0	0	0	0	0	0	0	0	0	0	0	0	0	0.0895522	0	0	0.0298507	0	0	0	0	0	0	0	0	0	0	0	0	0	0	0	0	0	0	0	0	0	0	0.164179	0	0.268657	0	0	0	0	0	0.0298507	0	0	0	0	0	0	0	0	0	0.0597015	0	0.0447761	0	0	0	0	0	0	0	0	0	0	0	0.0149254	0	0	0	0	0	0	0	0	0	0	0	0
0.00280112	0.0140056	0	0.0448179	0	0	0	0	0	0	0	0.00560224	0	0	0	0	0	0	0	0	0.00560224	0	0	0	0	0	0	0.00560224	0	0.0112045	0	0	0	0	0	0	0	0	0	0	0	0	0	0	0	0	0	0	0.0112045	0	0.00560224	0	0	0	0.00280112	0	0.00560224	0	0.0308123	0	0	0.00560224	0	0	0	0	0	0	0	0	0.00280112	0	0	0.00280112	0.0420168	0	0	0.00280112	0	0	0	0	0	0	0	0.00280112	0	0.00840336	0	0	0	0	0	0	0.00840336	0	0.0420168	0.00280112	0	0.00560224	0	0	0	0.00280112	0	0	0	0	0	0	0	0	0.0112045	0	0	0	0	0	0.00560224	0.070028	0.0252101	0.229692	0	0.0308123	0	0.0308123	0	0	0.00840336	0	0.0112045	0	0	0	0	0	0.0868347	0.0756303	0	0.0980392	0.00280112	0.00560224	0.00280112	0	0	0	0	0	0	0	0	0	0	0.0308123	0	0	0	0	0	0	0	0	0
0	0	0	0	0	0	0	0	0	0	0	0	0	0	0	0	0	0	0	0	0	0	0	0	0	0	0	0	0	0	0	0	0	0	0	0	0	0	0	0	0	0	0	0	0	0	0	0	0	0	0	0	0	0	0	0	0	0	0	0	0	0	0	0	0	0	0	0	0	0	0	0	0	0	0	0	0	0	0	0	0	0	0	0	0	0	0	0	0	0	0	0	0	0	0	0	0	0	0	0	0	0	0	0	0	0	0	0	0	0	0	0	0	0	0	0	0	0	0	0	0	0	0	0	0	0	0	0	0	0	0	0	0	0	0	0	1	0	0	0	0	0	0	0	0	0	0	0	0	0	0	0	0	0	0	0	0	0	0	0	0	0	0
0.0322581	0.177419	0	0	0	0	0	0	0	0	0	0	0	0	0	0	0	0	0	0	0	0	0	0	0	0	0	0.0483871	0	0	0	0.016129	0	0	0	0	0	0	0	0	0	0	0	0	0	0	0.016129	0	0	0	0	0	0	0	0	0	0.0322581	0	0	0	0	0	0	0	0	0	0	0	0	0	0	0	0	0	0	0	0	0	0	0	0	0	0	0	0	0.0322581	0	0	0	0	0	0	0	0	0.112903	0	0	0.0483871	0	0	0	0	0	0	0	0	0	0	0	0	0	0	0	0	0	0	0	0	0.016129	0.306452	0	0	0	0	0	0	0	0	0	0	0	0	0	0	0	0	0	0.0806452	0	0	0	0.016129	0	0.016129	0	0	0	0	0	0	0	0.0483871	0	0	0	0	0	0	0	0	0	0	0
0.00793651	0.015873	0	0.0238095	0	0.00793651	0.0238095	0	0	0.00793651	0	0	0	0	0	0	0	0	0	0	0	0	0	0	0	0	0	0	0	0.00793651	0	0	0	0.031746	0	0	0	0	0	0	0	0	0	0	0	0	0	0	0	0	0	0	0	0	0	0	0.015873	0	0.00793651	0	0	0	0	0	0	0	0	0	0	0	0	0	0	0	0	0	0	0	0	0.015873	0	0	0	0	0	0	0	0	0	0	0	0	0	0	0	0	0.015873	0	0	0.00793651	0	0	0	0	0	0	0	0	0	0	0	0	0	0	0.00793651	0	0	0	0	0.031746	0	0.119048	0	0.0396825	0	0.150794	0	0	0.00793651	0	0.00793651	0	0	0	0	0	0	0.238095	0	0.119048	0	0.0238095	0.047619	0	0	0.00793651	0	0	0	0	0	0	0	0	0	0	0	0.00793651	0	0	0	0	0
0	0	0.25	0	0	0	0	0	0	0	0	0	0	0	0	0	0	0	0	0	0	0	0	0	0	0	0	0	0	0	0	0	0	0	0	0	0	0	0	0	0	0	0	0	0	0	0	0	0	0	0	0	0	0	0	0	0	0	0	0	0	0	0	0	0	0	0	0	0	0	0	0	0	0	0	0	0	0	0	0	0	0	0	0	0	0	0	0	0	0	0	0	0	0	0	0	0	0	0	0	0	0	0	0	0	0	0	0	0	0	0	0	0	0	0	0	0	0	0	0	0.25	0	0	0	0	0	0	0	0	0	0	0	0	0	0	0	0	0	0.25	0	0	0	0	0	0	0	0	0	0	0	0	0	0.25	0	0	0	0	0	0	0	0	0	0
0	0	0	0	0	0	0	0	0	0	0	0	0	0	0	0	0	0	0	0	0	0	0	0	0	0	0	0	0	0	0	0	0	0	0	0	0	0	0	0	0	0	0	0	0	0	0	0	0	0	0	0	0	0	0	0	0	0	0	0	0	0	0	0	0	0	0	0	0	0	0	0	0	0	0	0	0	0	0	0	0	0	0	0	0	0	0	0	0	0	0	0	0	0	0	0	0	0	0	0	0	0	0	0	0	0	0	0	0	0	0	0	0	0	0	0	0	0	0	0	0	0	0	0	0	0	0	0	0	0	0	0	0	0	0	0	0	1	0	0	0	0	0	0	0	0	0	0	0	0	0	0	0	0	0	0	0	0	0	0	0	0	0
0	0	0	0.1875	0	0	0	0	0.0625	0	0	0	0	0	0	0	0	0	0	0	0	0	0	0	0	0	0	0	0	0	0	0	0	0	0	0	0	0	0	0	0	0	0	0	0	0	0	0	0	0	0	0	0	0	0	0	0	0	0	0	0	0	0	0	0	0	0	0	0	0	0	0	0	0	0	0	0	0	0	0	0	0	0	0	0	0	0	0	0	0	0	0	0	0	0	0	0	0	0	0	0	0	0	0	0	0	0	0	0	0	0	0	0	0	0	0	0	0	0	0.0625	0	0.0625	0	0	0	0	0	0	0.0625	0	0	0	0	0.0625	0	0	0.0625	0.1875	0.0625	0.125	0	0	0	0	0	0	0	0	0	0	0	0	0	0.0625	0	0	0	0	0	0	0	0	0
0	0	0	0	0	0	0	0	0	0	0	0.137931	0	0	0	0	0	0	0	0	0	0	0	0	0	0	0	0	0	0	0	0	0	0	0	0	0	0	0	0	0	0	0	0	0	0	0	0	0	0	0	0	0	0	0	0	0	0	0	0	0	0.0344828	0	0	0	0	0	0	0	0	0	0	0	0	0.0344828	0	0	0	0	0.0344828	0	0	0	0	0	0	0	0	0	0	0	0	0	0	0	0	0	0	0	0	0	0	0	0	0.0344828	0	0	0	0	0	0	0	0	0	0	0	0	0	0	0	0	0	0	0	0	0	0	0	0.137931	0	0.137931	0	0	0	0	0	0	0.103448	0	0.172414	0	0.137931	0.0344828	0	0	0	0	0	0	0	0	0	0	0	0	0	0	0	0	0	0	0	0
0	0	0	0	0	0	0	0	0	0	0	0	0	0	0	0	0	0	0	0	0	0	0	0	0	0	0	0	0	0	0	0	0	0	0	0	0	0	0	0	0	0	0	0	0	0	0	0	0	0	0	0	0	0	0	0	0	0	0	0	0	0	0	0	0	0	0	0	0	0	0	0	0	0	0	0	0	0	0	0	0	0	0	0	0	0	0	0	0	0	0	0	0	0	0	0	0	0	0	0	0	0	0	0	0	0	0	0	0	0	0	0	0	0	0	0	0	0	0	0	0	0	0	0	0	0	0	0	0	0	0	0	0	0	0	0	0	0	0	0.5	0	0	0.5	0	0	0	0	0	0	0	0	0	0	0	0	0	0	0	0	0	0	0	0
0	0	0	0	0	0	0	0	0	0	0	0	0	0	0	0	0	0	0	0	0	0	0	0	0	0	0	0	0	0	0	0	0	0	0	0	0	0	0	0	0	0	0	0	0	0	0	0	0	0	0	0	0	0	0	0	0	0	0	0	0	0	0	0	0	0	0	0	0	0	0	0	0	0	0	0	0	0	0	0	0	0	0	0	0	0	0	0	0	0	0	0	0	0	0	0	0	0	0	0	0	0	0	0	0	0	0	0	0	0	0	0	0	0	0	0	0	0	0	0	0	0	0	0	0	0	0	0	1	0	0	0	0	0	0	0	0	0	0	0	0	0	0	0	0	0	0	0	0	0	0	0	0	0	0	0	0	0	0	0	0	0	0
0	0	0	0	0	0	0	0	0	0	0	0	0	0	0	0	0	0	0	0	0	0	0	0	0	0	0	0	0	0	0	0	0	0	0	0	0	0	0	0	0	0	0	0	0	0	0	0	0	0	0	0	0	0	0	0	0	0	0	0	0	0	0	0	0	0	0	0	0	0	0	0	0	0	0	0	0	0	0	0	0	0	0	0	0	0	0	0	0	0	0	0	0	0	0	0	0	0	0	0	0	0	0	0	0	0	0	0	0	0	0	0	0	0	0	0	0	0	0	0	0	0	0	0	0	0	0	0	0	0	0	0	0	0	0	0	0	0	0	0	0	0	1	0	0	0	0	0	0	0	0	0	0	0	0	0	0	0	0	0	0	0	0
0.161905	0.0714286	0.0380952	0.0380952	0	0.00952381	0.0238095	0	0.0047619	0	0	0	0	0	0	0	0	0.233333	0.0285714	0.0047619	0.0142857	0	0.0238095	0	0	0	0.0238095	0	0	0	0	0	0	0	0	0	0	0	0	0	0	0	0	0	0	0	0.0047619	0	0	0	0	0	0	0	0.0047619	0	0.0047619	0.00952381	0	0	0	0	0	0	0	0	0	0	0	0	0	0	0	0	0	0	0	0	0	0	0	0	0	0	0	0	0	0	0	0	0	0	0.0190476	0	0.0047619	0	0	0	0	0	0	0	0	0	0	0	0	0	0	0	0.0047619	0.0047619	0	0	0	0	0	0	0.17619	0.0047619	0	0.0380952	0	0	0	0.0047619	0	0	0	0	0	0	0	0	0	0	0.0333333	0	0	0	0	0	0	0	0	0	0	0	0	0	0.00952381	0	0	0	0	0	0	0	0	0	0	0	0
0.00436681	0.216157	0	0.0655022	0	0.0174672	0.0240175	0	0	0	0	0.00218341	0	0	0	0	0	0	0.120087	0	0.0152838	0.00655022	0.00655022	0	0	0	0	0.0938865	0	0.00218341	0	0	0	0	0	0	0	0	0	0	0	0	0	0	0	0	0.00218341	0	0	0	0	0	0	0	0.00218341	0	0.0218341	0.00218341	0.0131004	0.00436681	0	0	0	0	0	0	0	0	0	0	0	0	0.00436681	0	0	0	0	0	0	0	0	0	0	0	0	0.00218341	0	0	0	0	0	0	0	0	0.00873362	0	0.00436681	0	0	0	0	0	0	0	0	0	0	0	0	0	0	0.0218341	0	0	0	0	0	0	0.00436681	0.21179	0	0.0196507	0	0.00873362	0	0.010917	0	0	0.00218341	0	0.00218341	0	0	0	0	0	0.00218341	0.00873362	0.00218341	0	0	0	0	0	0	0	0	0	0	0	0.00218341	0.0633188	0	0	0	0	0	0	0	0	0	0	0
0.222222	0	0	0	0	0	0	0.111111	0	0	0	0	0	0	0	0	0	0.333333	0	0.111111	0	0	0	0	0	0	0	0	0	0	0	0	0	0	0	0	0	0	0	0	0	0	0	0	0	0	0	0	0	0	0	0	0	0	0	0	0	0	0	0	0	0	0	0	0	0	0	0	0	0	0	0	0	0	0	0	0	0	0	0	0	0	0	0	0	0	0	0	0	0	0	0	0	0	0	0	0	0	0	0	0	0	0	0	0	0	0	0	0	0	0	0	0	0	0	0	0	0	0.111111	0	0	0	0	0	0	0	0	0	0	0	0	0	0	0	0	0	0	0	0	0	0	0	0	0	0	0	0	0	0	0	0.111111	0	0	0	0	0	0	0	0	0	0	0	0
0	0.0364583	0	0.192708	0	0.015625	0.0416667	0	0.0104167	0	0	0.015625	0	0	0	0	0	0	0	0	0.0677083	0	0.00520833	0	0	0	0	0.0104167	0	0.00520833	0.00520833	0.00520833	0	0	0	0	0	0	0	0	0	0	0	0	0	0	0	0	0	0	0	0	0	0	0	0	0	0	0.0885417	0	0	0.0208333	0	0.00520833	0	0	0.00520833	0	0	0	0	0	0.00520833	0	0	0	0	0	0	0	0	0	0	0	0	0	0	0	0	0.00520833	0	0	0	0	0	0	0.0104167	0	0	0	0	0	0	0	0	0	0	0	0	0	0	0	0.00520833	0	0.0104167	0	0	0	0.00520833	0.03125	0	0.09375	0	0.00520833	0	0.0208333	0	0	0	0	0.0104167	0	0	0	0	0	0.00520833	0	0	0.125	0	0	0.0104167	0	0	0	0	0	0	0	0.015625	0.0520833	0	0.0520833	0	0	0	0	0	0	0.00520833	0	0
0	0	0	0	0	0	0	0	0	0	0	0	0	0	0	0	0	0	0	0	0	0	0	0	0	0	0	0	0	0	0	0	0	0	0	0	0	0	0	0	0	0	0	0	0	0	0	0	0	0	0	0	0	0	0	0	0	0	0	0	0	0	0	0	0	0	0	0	0	0	0	0	0	0	0	0	0	0	0	0	0	0	0	0	0	0	0	0	0	0	0	0	0	0	0	0	0	0	0	0	0	0	0	0	0	0	0	0	0	0	0	0	0	0	0	0	0	0	0	0	0	0	0	0	0	0	0	0	0	0	0	0	0	0	0	0	0	0	0	0	0	0	0	0	0	0	0	0	0	0	1	0	0	0	0	0	0	0	0	0	0	0	0
0	0	0	0	0	0	0	0	0	0	0	0	0	0	0	0	0	0	0.5	0	0	0	0	0	0	0	0	0	0	0	0	0	0	0	0	0	0	0	0	0	0	0	0	0	0	0	0	0	0	0	0	0	0	0	0.0714286	0	0	0	0	0	0	0	0	0	0	0	0	0	0	0	0	0	0	0	0	0	0	0	0	0	0	0	0	0	0	0	0	0	0	0	0	0	0	0	0.142857	0	0	0	0	0	0	0	0	0	0	0	0	0	0	0	0	0	0	0	0	0	0	0	0	0.0714286	0	0	0	0	0	0	0	0	0	0	0	0	0	0	0	0	0	0.0714286	0	0	0	0	0	0	0	0	0	0	0	0	0	0.0714286	0	0.0714286	0	0	0	0	0	0	0	0	0
0	0	0	0	0	0	0	0	0	0	0	0	0	0	0	0	0	0	0	0	0	0	0	0	0	0	0	0	0	0	0	0	0	0	0	0	0	0	0	0	0	0	0	0	0	0	0	0	0	0	0	0	0	0	0	0	0	0	0	0	0	0	0	0	0	0	0	0	0	0	0	0	0	0	0	0	0	0	0	0	0	0	0	0	0	0	0	0	0	0	0	0	0	0	0	0	0	0	0	0	0	0	0	0	0	0	0	0	0	0	0	0	0	0	0	0	0	0	0	0	0	0	0	0	0	0	0	0	0	0	0	0	0	0	0	0	0	0	0	0	0	0	0	0	0	0	0	0	0	0	1	0	0	0	0	0	0	0	0	0	0	0	0
0	0	0	0.277778	0	0	0.0555556	0	0	0	0	0.0555556	0	0	0	0	0	0	0	0	0	0	0.0555556	0	0	0	0	0	0	0	0	0	0	0	0	0	0	0	0	0	0	0	0	0	0	0	0	0	0	0	0	0	0	0	0	0	0	0	0	0	0	0	0	0	0	0	0	0	0	0	0	0	0	0	0	0	0	0	0	0	0	0	0	0	0	0	0	0	0	0	0	0	0	0	0	0	0	0	0	0	0	0	0	0	0	0	0	0	0	0	0	0	0.0555556	0	0	0	0	0	0	0.0555556	0	0	0	0	0	0.0555556	0	0	0.0555556	0	0	0	0	0	0	0	0	0.0555556	0	0.0555556	0	0	0.0555556	0	0	0	0	0	0	0	0	0.111111	0	0.0555556	0	0	0	0	0	0	0	0	0
0	0	0	0	0	0	0	0	0	0	0	0	0	0	0	0	0	0	0	1	0	0	0	0	0	0	0	0	0	0	0	0	0	0	0	0	0	0	0	0	0	0	0	0	0	0	0	0	0	0	0	0	0	0	0	0	0	0	0	0	0	0	0	0	0	0	0	0	0	0	0	0	0	0	0	0	0	0	0	0	0	0	0	0	0	0	0	0	0	0	0	0	0	0	0	0	0	0	0	0	0	0	0	0	0	0	0	0	0	0	0	0	0	0	0	0	0	0	0	0	0	0	0	0	0	0	0	0	0	0	0	0	0	0	0	0	0	0	0	0	0	0	0	0	0	0	0	0	0	0	0	0	0	0	0	0	0	0	0	0	0	0	0
0	0	0	0	0	0	0	0	0	0	0	0	0	0	0	0	0	0	0	0	0	0	0	0	0	0	0	0	0	0	0	0	0	0	0	0	1	0	0	0	0	0	0	0	0	0	0	0	0	0	0	0	0	0	0	0	0	0	0	0	0	0	0	0	0	0	0	0	0	0	0	0	0	0	0	0	0	0	0	0	0	0	0	0	0	0	0	0	0	0	0	0	0	0	0	0	0	0	0	0	0	0	0	0	0	0	0	0	0	0	0	0	0	0	0	0	0	0	0	0	0	0	0	0	0	0	0	0	0	0	0	0	0	0	0	0	0	0	0	0	0	0	0	0	0	0	0	0	0	0	0	0	0	0	0	0	0	0	0	0	0	0	0
0	0	0	0	0	0	0	0	0	0	0	0.166667	0	0	0	0	0	0	0	0	0	0	0	0	0	0.166667	0	0	0	0	0	0	0	0	0	0	0	0	0	0	0	0	0	0	0	0	0	0	0	0	0	0	0	0	0	0	0	0	0	0	0	0	0	0	0	0	0	0	0	0	0	0	0	0	0	0	0	0	0	0	0	0	0	0	0	0	0	0	0	0	0	0	0	0	0	0	0	0	0	0	0	0	0	0	0	0	0	0	0	0	0	0	0	0	0	0	0	0	0	0	0	0	0	0.166667	0	0	0	0	0	0	0	0	0	0	0	0	0	0	0	0	0	0	0	0	0	0	0	0	0	0	0	0.166667	0	0.333333	0	0	0	0	0	0	0	0	0
0	0	0	0	0	0	0	0	0	0	0	0	0	0	0	0	0	0	0	0	0	0	0	0	0	0	0	0	0	0	0	0	0	0	0	0	0	0	0	0	0	0	0	0	0	0	0	0	0	0	0	0	0	0	0	0	0	0	0	0	0	0	0	0	0	0	0	0	0	0	0	0	0	0	0	0	0	0	0	0	0	0	0	0	0	0	0	0	0	0	0	0	0	0	0	0	0	0	0	0	0	0	0	0	0	0	0	0	0	0	0	0	0	0	0	0	0	0	0	0	0	0	0	0	0	0	0	0	0	0	0	0	0	0	0	0	0	0	0	0	0	0	0	0	0	0	0	0	0	0	0	0	0	1	0	0	0	0	0	0	0	0	0
0	0	0	0	0	0	0	0	0	0	0	0	0	0	0	0	0	0	0	0	0	0	0	0	0	0	0	0	0	0	0	0	0	0	0	0	0	0	0	0	0	0	0	0	0	0	0	0	0	0	0	0	0	0	0	0	0	0	0	0	0	0	0	0	0	0	0	0	0	0	0	0	0	0	0	0	0	0	0	0	0	0	0	0	0	0	0	0	0	0	0	0	0	0	0	0	0	0	0	0	0	0	0	0	0	0	0	0	0	0	0	0	0	0	0	0	0	0	0	0	0	0	0	0	0	0	0	0	0	0	0	0	0	0	0	0	0	0	0	0	0	0	0	0	0	0	0	0	0	0	0	1	0	0	0	0	0	0	0	0	0	0	0
